0.630
1.270
1.880
2.550
3.160
3.830
4.520
5.180
5.910
6.560
7.280
7.920
8.540
9.200
9.840
10.450
11.120
11.740
12.370
13.050
13.700
14.340
14.990
15.620
16.270
16.890
17.540
18.180
18.830
19.460
20.110
20.740
21.390
22.000
22.640
23.300
23.960
24.580
25.220
25.880
26.520
27.140
27.780
28.430
29.080
29.700
30.340
31.000
31.630
32.250
32.880
33.530
34.170
34.790
35.420
36.060
36.690
37.310
37.920
38.570
39.220
39.850
40.490
41.130
41.750
42.360
42.980
43.620
44.270
44.920
45.550
46.190
46.820
47.450
48.080
48.720
49.340
49.980
50.610
51.240
51.870
52.500
53.120
53.750
54.410
55.090
55.730
56.400
57.030
57.690
58.340
58.990
59.620
60.290
60.930
61.560
62.200
62.850
63.480
64.090
64.710
65.340
65.970
66.590
67.220
67.840
68.470
69.080
69.690
70.340
70.970
71.610
72.230
72.850
73.470
74.090
74.720
75.320
75.910
76.560
77.180
77.790
78.410
79.030
79.650
80.270
80.890
81.500
82.130
82.740
83.360
83.930
84.530
85.150
85.780
86.410
87.010
87.620
88.230
88.850
89.450
90.060
90.670
91.290
91.900
92.520
93.130
93.730
94.350
94.960
95.570
96.160
96.790
97.420
98.060
98.720
99.340
99.960
100.570
101.190
101.810
102.420
103.030
103.640
104.250
104.850
105.450
106.080
106.690
107.290
107.900
108.520
109.130
109.750
110.370
110.980
111.560
112.150
112.750
113.380
114.010
114.630
115.250
115.870
116.490
117.100
117.690
118.310
118.940
119.550
120.170
120.790
121.400
122.020
