0.200
0.750
1.270
1.790
2.290
2.830
3.370
3.900
4.420
4.990
5.520
6.070
6.650
7.210
7.770
8.340
8.870
9.450
10.010
10.580
11.120
11.680
12.240
12.790
13.330
13.880
14.430
14.990
15.530
16.080
16.620
17.170
17.740
18.270
18.800
19.350
19.900
20.450
20.980
21.560
22.090
22.630
23.180
23.730
24.270
24.830
25.380
25.910
26.430
26.980
27.530
28.050
28.600
29.150
29.700
30.250
30.790
31.340
31.880
32.420
32.970
33.510
34.050
34.590
35.130
35.670
36.210
36.740
37.300
37.840
38.380
38.920
39.460
40.000
40.570
41.090
41.640
42.120
42.590
43.080
43.610
44.160
44.680
45.230
45.750
46.290
46.830
47.370
47.900
48.440
48.980
49.540
50.070
50.600
51.140
51.700
52.250
52.790
53.320
53.860
54.390
54.930
55.460
55.990
56.520
57.040
57.580
58.110
58.650
59.180
59.710
60.250
60.760
61.320
61.870
62.380
62.920
63.450
63.990
64.540
65.070
65.600
66.140
66.670
67.210
67.730
68.280
68.800
69.310
69.840
70.380
70.910
71.430
71.970
72.490
73.040
73.560
74.120
74.660
75.190
75.740
76.270
76.820
77.350
77.870
78.390
78.930
79.470
80.010
80.550
81.060
81.610
82.140
82.680
83.210
83.740
84.250
84.790
85.320
85.840
86.370
86.910
87.420
87.970
88.510
89.040
89.570
90.110
90.640
91.190
91.730
92.270
92.810
93.350
93.900
94.420
94.960
95.490
96.020
96.570
97.090
97.650
98.180
98.720
99.240
99.790
100.320
100.870
101.390
101.940
102.460
102.970
103.500
104.050
104.560
105.100
105.620
106.160
106.700
107.240
107.760
108.290
108.850
109.370
109.920
110.450
110.980
111.510
112.050
112.560
113.120
113.650
114.180
114.710
115.250
115.800
116.320
116.860
117.400
117.930
118.480
119.000
119.550
120.090
120.600
121.160
121.690
122.230
122.780
123.310
123.830
124.360
124.890
125.420
125.950
126.490
127.040
127.560
128.100
128.630
129.140
129.680
130.210
130.750
131.270
131.810
132.340
132.870
133.400
133.920
134.480
135.000
135.540
136.070
136.590
137.140
137.670
138.200
138.760
139.270
139.810
140.340
140.880
141.420
141.950
142.480
143.020
143.550
144.080
144.600
145.150
145.680
146.220
146.750
147.280
147.810
148.350
148.870
149.400
149.930
150.460
150.990
151.520
152.040
152.580
153.100
153.660
154.170
154.690
155.220
155.750
156.280
156.810
157.330
157.850
158.380
158.930
159.430
159.940
160.480
161.000
161.510
162.010
162.500
163.020
163.550
