0.290
0.770
1.260
1.790
2.290
2.770
3.270
3.760
4.230
4.730
5.240
5.700
6.210
6.680
7.150
7.630
8.130
8.580
9.050
9.540
9.990
10.470
10.940
11.400
11.840
12.320
12.790
13.260
13.760
14.240
14.690
15.170
15.650
16.100
16.590
17.030
17.450
17.900
18.340
18.810
19.290
19.750
20.210
20.650
21.110
21.570
22.050
22.500
22.960
23.410
23.870
24.340
24.790
25.250
25.730
26.170
26.640
27.110
27.600
28.050
28.470
28.910
29.350
29.760
30.220
30.650
31.090
31.560
32.000
32.450
32.890
33.340
33.770
34.220
34.660
35.090
35.550
35.990
36.430
36.850
37.290
37.730
38.170
38.590
39.010
39.450
39.880
40.310
40.750
41.170
41.570
41.980
42.380
42.810
43.220
43.660
44.050
44.460
44.870
45.300
45.690
46.120
46.510
46.940
47.360
47.930
48.500
49.170
49.850
50.530
51.200
51.860
52.520
53.150
53.810
54.450
55.090
55.750
56.390
57.020
57.650
58.290
58.930
59.580
60.190
60.840
61.480
62.100
62.730
63.350
63.990
64.620
65.260
65.890
66.540
67.180
67.820
68.470
69.050
69.560
70.100
70.670
71.190
71.740
72.180
72.600
73.040
73.500
73.940
74.360
74.800
75.240
75.700
76.140
76.560
77.000
77.440
77.880
78.340
78.780
79.200
79.640
80.080
80.530
80.960
81.420
81.850
82.290
82.740
83.160
83.610
84.050
84.480
84.950
85.400
85.830
86.280
86.700
87.150
87.600
88.040
88.480
88.920
89.350
89.770
90.210
90.620
91.050
91.490
91.930
92.380
92.800
93.220
93.660
94.090
94.500
94.920
95.350
95.780
96.180
96.620
97.020
97.430
97.840
98.270
98.680
99.100
99.520
99.920
100.300
100.720
101.100
101.500
101.910
102.300
102.720
103.110
103.520
103.930
104.320
104.740
105.160
105.560
105.960
106.370
106.790
107.180
107.590
108.000
108.540
109.100
109.730
110.390
111.050
111.720
112.370
113.020
113.670
114.310
114.960
115.580
116.240
116.870
117.520
118.150
118.800
119.440
120.090
120.710
121.340
121.990
122.620
123.240
123.860
124.500
125.140
125.760
126.400
127.040
127.690
128.330
128.970
129.420
129.890
130.360
130.850
131.280
131.710
132.170
132.590
133.050
133.490
133.960
134.390
134.850
135.310
135.740
136.190
136.660
137.080
137.520
137.970
138.400
138.850
139.290
139.720
140.140
140.570
141.020
141.450
141.880
142.310
142.720
143.170
143.610
144.040
144.470
144.940
145.380
145.810
146.270
146.690
147.120
147.570
148.000
148.410
148.850
149.310
149.730
150.170
150.590
151.030
151.450
151.750
152.070
152.370
152.680
153.000
153.300
153.620
153.930
154.260
154.580
154.890
155.210
155.530
155.850
156.170
156.480
156.790
157.090
157.410
157.710
158.030
158.330
158.640
158.960
159.270
159.570
159.880
160.190
160.510
160.810
161.130
161.430
161.740
162.040
162.350
162.640
162.950
163.250
163.560
163.880
164.180
164.500
164.800
165.110
165.420
165.730
166.050
166.350
166.660
166.960
167.270
167.570
167.860
168.170
168.460
168.760
169.060
169.370
169.690
169.990
170.300
170.610
170.920
171.240
171.550
171.860
172.160
172.470
172.780
173.100
173.410
173.720
174.030
174.340
174.650
174.950
175.260
175.570
175.880
176.190
176.480
176.780
177.090
177.390
177.680
177.980
178.280
178.600
178.910
179.220
179.520
179.830
180.140
180.450
180.760
181.070
181.390
181.690
182.010
182.300
182.600
182.900
183.210
183.520
183.830
184.140
184.460
184.760
185.070
185.390
185.700
186.000
186.310
186.620
186.920
187.230
187.520
187.830
188.120
188.420
188.740
189.050
189.360
189.660
189.970
190.290
190.590
190.910
191.220
191.530
191.840
192.150
192.460
192.750
193.050
193.370
193.680
193.990
194.300
194.600
194.910
195.220
195.530
195.840
196.150
196.450
196.750
197.040
197.340
197.650
197.960
198.260
198.570
198.880
199.180
199.480
199.780
200.090
200.390
200.700
201.010
201.310
201.620
201.920
202.210
202.520
202.820
203.130
203.440
203.760
204.070
204.380
204.680
205.000
205.300
205.620
205.940
206.270
206.580
206.900
207.230
207.540
207.860
208.190
