0.440
0.970
1.490
2.030
2.550
3.080
3.600
4.120
4.640
5.160
5.680
6.200
6.730
7.250
7.750
8.250
8.750
9.290
9.790
10.300
10.820
11.310
11.810
12.320
12.820
13.340
13.820
14.320
14.840
15.340
15.830
16.330
16.840
17.350
17.840
18.350
18.840
19.360
19.860
20.360
20.870
21.370
21.880
22.360
22.890
23.380
23.860
24.370
24.860
25.370
25.870
26.370
26.860
27.360
27.870
28.380
28.880
29.380
29.870
30.380
30.880
31.360
31.870
32.380
32.870
33.380
33.870
34.370
34.860
35.360
35.850
36.360
36.840
37.340
37.840
38.340
38.830
39.340
39.830
40.320
40.830
41.330
41.810
42.300
42.810
43.290
43.780
44.270
44.770
45.270
45.760
46.230
46.740
47.200
47.700
48.180
48.680
49.180
49.670
50.150
50.650
51.120
51.630
52.100
52.590
53.080
53.580
54.070
54.570
55.050
55.550
56.050
56.540
57.030
57.520
58.010
58.490
58.980
59.470
59.950
60.450
60.940
61.450
61.940
62.430
62.920
63.410
63.910
64.390
64.880
65.350
65.850
66.330
66.820
67.320
67.820
68.310
68.800
69.300
69.790
70.270
70.760
71.240
71.750
72.240
72.720
73.190
73.690
74.180
74.660
75.170
75.660
76.150
76.630
77.120
77.620
78.100
78.590
79.070
79.570
80.060
80.550
81.030
81.540
82.020
82.520
83.010
83.510
83.990
84.490
84.980
85.480
85.950
86.450
86.940
87.430
87.900
88.400
88.900
89.390
89.880
90.380
90.870
91.360
91.850
92.340
92.840
93.330
93.820
94.310
94.790
95.290
95.780
96.290
96.800
97.270
97.790
98.290
98.790
99.290
99.780
100.280
100.790
101.280
101.790
102.270
102.770
103.230
103.750
104.240
104.730
105.210
105.690
106.180
106.680
107.170
107.640
108.130
108.600
109.100
109.570
110.040
110.550
111.030
111.530
111.990
112.480
112.970
113.460
113.950
114.430
114.910
115.410
115.880
116.360
116.850
117.310
117.790
118.290
118.770
119.260
119.750
120.220
120.740
121.220
121.700
122.180
122.680
123.170
123.660
124.140
124.650
125.130
125.640
126.130
126.600
127.100
127.590
128.080
128.570
129.070
129.550
130.040
130.520
131.010
131.500
132.000
132.490
132.970
133.460
133.970
134.440
134.940
135.420
135.920
136.400
136.900
137.380
137.870
138.360
138.840
139.330
139.810
140.300
140.790
141.290
141.770
142.270
142.740
143.240
143.720
144.230
144.730
145.220
145.700
146.200
146.680
147.160
147.670
148.170
148.650
149.140
149.630
150.130
150.610
151.080
151.580
152.070
152.560
153.040
153.540
154.030
154.530
155.020
155.510
156.000
156.490
156.980
157.480
157.970
158.460
158.960
159.450
159.950
160.430
160.910
161.410
161.930
162.400
162.890
163.380
163.900
164.370
164.880
165.350
165.850
166.330
166.810
167.290
167.750
