0.480
1.110
1.740
2.370
3.020
3.670
4.320
4.920
5.540
6.140
6.730
7.300
7.890
8.490
9.060
9.640
10.210
10.770
11.340
11.900
12.480
13.060
13.610
14.190
14.740
15.310
15.860
16.440
17.000
17.560
18.120
18.690
19.240
19.780
20.360
20.950
21.490
22.060
22.610
23.170
23.720
24.280
24.830
25.410
25.960
26.510
27.060
27.630
28.170
28.710
29.260
29.810
30.370
30.910
31.470
32.010
32.560
33.100
33.640
34.200
34.730
35.270
35.800
36.360
36.880
37.420
37.950
38.510
39.080
39.610
40.180
40.730
41.270
41.840
42.400
42.950
43.500
44.040
44.570
45.090
45.620
46.160
46.700
47.230
47.770
48.290
48.820
49.360
49.920
50.430
51.000
51.520
52.060
52.610
53.120
53.660
54.190
54.720
55.250
55.770
56.330
56.850
57.390
57.920
58.460
58.980
59.540
60.100
60.640
61.190
61.760
62.280
62.830
63.350
63.890
64.450
65.000
65.520
66.050
66.580
67.100
67.640
68.160
68.690
69.240
69.760
70.280
70.820
71.360
71.890
72.430
72.970
73.510
74.040
74.570
75.100
75.600
76.150
76.670
77.190
77.750
78.260
78.800
79.310
79.850
80.340
80.870
81.410
81.930
82.450
82.960
83.480
84.020
84.530
85.040
85.560
86.070
86.590
87.100
87.610
88.110
88.630
89.150
89.660
90.170
90.680
91.190
91.700
92.250
92.760
93.300
93.850
94.380
94.900
95.440
95.940
96.450
96.980
97.500
98.000
98.510
99.040
99.550
100.070
100.580
101.100
101.610
102.130
102.660
103.180
103.680
104.200
104.710
105.220
105.730
106.240
106.740
107.270
107.770
108.270
108.790
109.290
109.800
110.350
110.910
111.440
111.980
112.480
113.040
113.540
114.050
114.600
115.110
115.640
116.150
116.660
117.180
117.750
118.260
118.810
119.340
119.860
120.410
120.930
121.450
121.980
122.490
123.010
123.530
124.070
124.590
125.090
125.640
126.160
126.670
127.200
127.740
128.250
128.780
129.300
129.830
130.340
130.870
131.390
131.940
132.460
132.970
133.500
134.010
134.520
135.040
135.590
136.100
136.600
137.100
137.600
138.140
138.640
139.160
139.670
140.210
140.720
141.210
141.710
142.240
142.750
143.280
143.820
144.350
144.860
145.380
145.890
146.390
146.890
147.430
147.920
148.450
148.960
149.460
150.000
150.490
150.990
151.470
152.000
152.510
153.010
153.500
153.980
154.460
154.920
155.400
155.880
156.380
