0.160
0.600
1.060
1.490
1.960
2.410
2.860
3.300
3.740
4.180
4.600
5.040
5.490
5.960
6.420
6.880
7.320
7.800
8.260
8.720
9.160
9.620
10.070
10.520
11.000
11.460
11.940
12.410
12.890
13.360
13.820
14.280
14.760
15.210
15.670
16.130
16.600
17.070
17.530
17.980
18.460
18.930
19.400
19.860
20.320
20.800
21.280
21.730
22.210
22.680
23.150
23.610
24.060
24.490
24.940
25.420
25.870
26.320
26.800
27.280
27.780
28.260
28.730
29.200
29.650
30.130
30.590
31.070
31.550
32.000
32.470
32.960
33.410
33.910
34.380
34.860
35.330
35.820
36.290
36.750
37.230
37.700
38.180
38.650
39.120
39.590
40.040
40.510
41.000
41.460
41.920
42.360
42.820
43.290
43.780
44.230
44.720
45.190
45.660
46.120
46.580
47.020
47.500
47.950
48.430
48.910
49.410
49.870
50.350
50.850
51.330
51.800
52.260
52.700
53.170
53.640
54.120
54.600
55.060
55.540
56.010
56.480
56.950
57.420
57.860
58.320
58.790
59.260
59.730
60.200
60.650
61.120
61.610
62.070
62.550
63.000
63.460
63.930
64.370
64.840
65.310
65.780
66.230
66.720
67.180
67.640
68.130
68.600
69.050
69.530
70.000
70.480
70.930
71.420
71.870
72.360
72.830
73.300
73.790
74.280
74.750
75.270
75.770
76.240
76.760
77.240
77.770
78.270
78.770
79.240
79.750
80.240
80.750
81.240
81.720
82.190
82.680
83.170
83.660
84.170
84.650
85.110
85.600
86.090
86.570
87.030
87.510
87.990
88.490
88.990
89.470
89.940
90.410
90.910
91.390
91.860
92.330
92.830
93.310
93.790
94.270
94.750
95.230
95.710
96.190
96.650
97.140
97.610
98.090
98.590
99.050
99.540
100.010
100.490
100.990
101.460
101.930
102.410
102.910
103.390
103.880
104.370
104.850
105.350
105.890
106.390
106.860
107.350
107.820
108.300
108.760
109.240
109.720
110.170
110.640
111.120
111.590
112.050
112.520
113.010
113.470
113.970
114.440
114.920
115.410
115.870
116.360
116.850
117.350
117.820
118.330
118.800
119.280
119.800
120.290
120.750
121.260
121.760
122.250
122.760
123.250
123.750
124.240
124.690
125.140
125.600
126.080
126.520
126.980
127.460
127.920
128.410
128.870
129.330
129.820
130.290
130.730
131.190
131.670
132.120
132.590
133.030
133.510
133.970
134.410
134.870
135.350
135.830
136.290
136.750
137.220
137.710
138.160
138.640
139.110
139.580
140.040
140.510
141.000
141.490
141.960
142.430
142.920
143.380
143.870
144.320
144.810
145.260
145.750
146.210
146.690
147.170
147.650
148.130
148.590
149.090
149.570
150.050
150.560
151.100
151.590
152.080
152.550
153.020
153.510
153.980
154.480
154.960
155.440
155.920
156.380
156.860
157.360
157.830
158.290
158.780
159.250
159.710
160.180
160.670
161.160
161.630
162.100
162.600
163.070
163.520
164.010
164.480
164.940
165.410
165.870
166.340
166.830
167.310
167.800
168.270
168.760
169.230
169.720
170.180
170.680
171.160
171.650
172.120
172.600
173.090
173.570
174.060
174.520
174.960
175.420
175.880
176.360
176.820
177.260
177.740
178.180
178.650
179.100
179.560
180.040
180.500
180.940
181.420
181.860
182.340
182.780
183.240
183.680
184.150
184.620
185.060
185.530
185.990
186.450
186.900
187.370
187.830
188.290
188.760
189.220
189.680
190.150
190.620
191.090
191.580
192.050
192.520
192.990
193.440
193.930
194.380
194.870
195.320
195.800
196.280
196.760
197.240
197.720
198.190
198.680
199.150
199.640
200.110
200.600
201.070
201.540
202.020
202.530
203.020
203.490
203.990
204.490
204.960
205.460
205.940
206.410
206.920
207.390
207.890
208.380
208.860
209.340
209.810
210.300
210.780
211.250
211.750
212.230
212.700
213.190
213.650
214.130
214.610
