0.490
1.050
1.590
2.140
2.680
3.220
3.750
4.290
4.820
5.380
5.930
6.440
7.000
7.580
8.140
8.680
9.230
9.780
10.330
10.860
11.410
11.950
12.510
13.040
13.590
14.120
14.670
15.210
15.760
16.320
16.850
17.400
17.960
18.490
19.020
19.570
20.100
20.640
21.190
21.720
22.260
22.810
23.340
23.870
24.410
24.940
25.470
26.000
26.530
27.060
27.590
28.120
28.640
29.180
29.720
30.260
30.790
31.310
31.830
32.370
32.880
33.420
33.970
34.500
35.020
35.580
36.120
36.650
37.200
37.770
38.320
38.840
39.400
39.940
40.460
40.990
41.520
42.050
42.570
43.100
43.630
44.150
44.690
45.220
45.760
46.280
46.830
47.350
47.890
48.410
48.950
49.470
49.990
50.520
51.060
51.570
52.120
52.660
53.200
53.720
54.250
54.780
55.330
55.860
56.380
56.920
57.460
57.990
58.500
59.050
59.570
60.080
60.620
61.020
61.420
61.800
62.180
62.560
62.920
63.290
63.670
64.050
64.410
64.790
65.190
65.550
65.920
66.300
66.660
67.030
67.400
67.760
68.130
68.510
68.850
69.230
69.590
69.960
70.340
70.710
71.070
71.440
71.800
72.140
72.520
72.870
73.230
73.590
73.960
74.310
74.680
75.050
75.400
75.780
76.160
76.520
76.880
77.250
77.600
77.950
78.310
78.670
79.020
79.380
79.730
80.080
80.460
80.800
81.160
81.540
81.890
82.240
82.610
82.940
83.320
83.680
84.020
84.380
84.750
85.100
85.470
85.840
86.220
86.590
87.020
87.540
88.080
88.630
89.170
89.750
90.310
90.840
91.380
91.930
92.470
93.000
93.530
94.070
94.600
95.140
95.670
96.210
96.760
97.290
97.830
98.360
98.910
99.460
100.000
100.530
101.070
101.600
102.130
102.660
103.220
103.750
104.290
104.840
105.380
105.920
106.440
106.980
107.510
108.060
108.590
109.130
109.640
110.180
110.720
111.260
111.770
112.320
112.820
113.380
113.910
114.440
114.940
115.470
116.000
116.520
117.080
117.610
118.180
118.720
119.270
119.800
120.370
120.900
121.440
121.970
122.530
123.070
123.600
124.120
124.680
125.210
125.740
126.300
126.870
127.400
127.940
128.490
129.020
129.560
130.090
130.640
131.170
131.710
132.240
132.790
133.340
133.860
134.390
134.930
135.470
136.000
136.530
137.070
137.590
138.130
138.660
139.180
139.710
140.250
140.780
141.320
141.860
142.400
142.940
143.470
144.000
144.540
145.070
145.610
146.170
146.710
147.260
147.800
148.360
148.890
149.430
150.020
150.640
151.200
151.810
152.380
152.970
153.570
154.190
154.770
155.360
155.990
156.560
