0.410
1.050
1.660
2.300
2.940
3.580
4.250
4.860
5.530
6.150
6.780
7.440
8.090
8.700
9.350
10.010
10.640
11.290
11.930
12.540
13.180
13.770
14.420
15.010
15.660
16.250
16.890
17.520
18.110
18.750
19.380
19.980
20.610
21.240
21.830
22.440
23.080
23.670
24.290
24.830
25.330
25.850
26.380
26.900
27.410
27.940
28.450
28.980
29.480
29.990
30.490
30.970
31.470
32.000
32.510
33.030
33.510
34.030
34.550
35.040
35.530
36.040
36.550
37.050
37.540
38.050
38.550
39.040
39.540
40.050
40.550
41.060
41.570
42.050
42.560
43.070
43.570
44.070
44.580
45.080
45.570
46.070
46.560
47.060
47.560
48.070
48.580
49.070
49.570
50.060
50.580
51.060
51.550
52.050
52.560
53.040
53.550
54.030
54.510
55.010
55.490
55.980
56.460
56.970
57.460
57.950
58.450
58.930
59.410
59.890
60.390
60.860
61.350
61.820
62.300
62.780
63.250
63.750
64.220
64.730
65.200
65.680
66.170
66.640
67.120
67.600
68.080
68.560
69.030
69.520
70.010
70.490
70.960
71.440
71.920
72.410
72.880
73.360
73.850
74.330
74.810
75.270
75.760
76.230
76.730
77.210
77.690
78.160
78.640
79.110
79.580
80.050
80.540
81.010
81.490
81.960
82.450
82.930
83.410
83.900
84.380
84.860
85.340
85.820
86.290
86.760
87.260
87.730
88.240
88.720
89.200
89.660
90.140
90.600
91.090
91.580
92.060
92.540
93.020
93.500
93.980
94.450
94.950
95.420
95.920
96.400
96.870
97.340
97.820
98.300
98.780
99.240
99.700
100.170
100.650
101.120
101.590
102.050
102.540
103.010
103.480
103.950
104.410
104.890
105.340
105.800
106.250
106.730
107.200
107.670
108.150
108.610
109.070
109.540
110.010
110.480
110.960
111.420
111.910
112.360
112.850
113.300
113.790
114.260
114.710
115.200
115.670
116.120
116.610
117.080
117.530
118.020
118.470
118.940
119.430
119.910
120.390
120.870
121.340
121.830
122.300
122.790
123.270
123.760
124.230
124.700
125.190
125.650
126.110
126.600
127.080
127.550
128.040
128.510
128.990
129.440
129.910
130.390
130.850
131.330
131.810
132.300
132.780
133.240
133.720
134.190
134.680
135.150
135.610
136.080
136.560
137.010
137.470
137.940
138.410
138.850
139.330
139.780
140.250
140.710
141.170
141.630
142.100
142.580
143.070
143.560
144.020
144.520
145.010
145.490
145.970
146.440
146.930
147.420
147.890
148.360
148.840
149.320
149.810
150.280
150.760
151.230
151.710
152.200
152.670
153.140
153.630
154.100
154.580
155.070
155.540
156.010
156.500
156.970
157.440
157.900
158.380
158.860
159.330
159.810
160.280
160.760
161.240
161.720
162.190
162.660
163.130
163.610
164.090
164.560
165.030
165.490
165.980
166.440
166.920
167.370
167.850
168.320
168.800
169.280
169.740
170.210
170.690
171.160
171.630
172.090
172.550
173.040
173.500
173.980
174.420
174.900
175.370
175.830
176.300
176.760
177.230
177.710
178.180
178.650
179.110
179.600
180.050
180.530
181.010
181.480
181.950
182.410
182.870
183.360
183.830
184.300
184.770
185.260
185.730
186.180
186.660
187.120
187.590
188.070
188.540
189.010
189.470
189.960
190.430
190.890
191.350
191.820
192.300
192.780
193.240
193.710
194.170
194.630
195.100
195.560
196.040
196.500
196.970
197.450
197.900
198.380
198.840
199.310
199.780
200.220
200.690
201.150
201.610
202.070
202.530
202.990
203.450
203.920
204.360
204.830
205.290
205.770
206.240
206.710
207.180
207.640
208.100
208.570
209.050
209.510
209.990
210.470
210.940
211.400
211.880
212.350
212.820
213.270
213.740
214.220
214.690
215.170
215.660
216.150
216.630
217.090
217.550
218.040
218.490
218.980
219.450
219.920
220.400
220.900
221.360
221.840
222.320
222.800
223.290
223.770
224.250
224.740
225.210
225.700
226.180
226.660
227.130
227.600
228.070
228.530
229.000
229.460
229.910
230.370
230.850
231.310
231.770
232.220
232.690
233.130
233.600
234.060
234.540
235.000
235.450
235.920
236.380
236.850
237.310
237.770
238.240
238.700
239.150
239.610
240.070
240.520
240.990
241.460
241.910
242.390
242.850
243.300
243.770
244.230
244.670
245.140
245.610
246.060
246.530
246.990
247.470
247.910
248.380
248.850
249.320
249.770
250.240
250.700
251.160
251.630
252.070
252.520
252.980
253.450
253.910
254.350
254.830
255.280
255.740
256.210
256.670
257.130
257.590
258.040
258.500
258.950
259.410
259.860
260.320
260.780
261.240
261.700
262.160
262.610
263.070
263.520
263.990
264.440
264.910
265.370
265.830
266.280
266.740
267.200
267.650
268.110
268.590
269.050
269.510
269.940
270.410
270.840
271.280
271.730
272.150
272.590
273.050
273.480
273.940
274.410
274.880
275.350
275.800
276.260
276.720
277.200
277.650
278.110
278.580
279.010
279.470
279.920
280.380
280.850
281.320
281.770
282.240
282.700
283.140
283.610
284.060
284.520
284.980
285.450
285.910
286.380
286.830
287.280
287.740
288.190
288.650
289.110
289.560
289.990
290.440
290.900
291.360
291.800
292.260
292.710
293.140
293.590
294.040
294.520
294.980
295.430
295.900
296.350
296.800
297.290
297.760
298.230
298.690
299.170
299.650
300.150
300.630
301.090
301.590
302.060
302.550
303.020
303.500
303.970
304.460
304.950
