0.360
0.790
1.230
1.640
2.080
2.520
2.960
3.390
3.850
4.260
4.710
5.130
5.580
6.010
6.440
6.900
7.320
7.750
8.190
8.630
9.060
9.470
9.920
10.350
10.790
11.220
11.680
12.100
12.550
12.980
13.440
13.860
14.320
14.740
15.200
15.620
16.060
16.490
16.920
17.360
17.800
18.220
18.660
19.080
19.520
19.960
20.380
20.810
21.230
21.660
22.100
22.540
22.960
23.400
23.810
24.240
24.680
25.110
25.550
25.950
26.390
26.800
27.250
27.660
28.120
28.530
28.980
29.390
29.820
30.250
30.700
31.120
31.560
31.970
32.420
32.840
33.280
33.700
34.130
34.530
34.980
35.390
35.830
36.250
36.690
37.110
37.550
37.980
38.380
38.810
39.240
39.650
40.070
40.510
40.940
41.360
41.790
42.210
42.630
43.040
43.470
43.890
44.310
44.730
45.160
45.570
46.000
46.420
46.850
47.270
47.700
48.130
48.550
48.990
49.410
49.850
50.280
50.720
51.170
51.600
52.020
52.440
52.850
53.280
53.710
54.120
54.550
54.960
55.380
55.800
56.240
56.650
57.070
57.480
57.910
58.330
58.760
59.190
59.620
60.040
60.460
60.870
61.300
61.730
62.160
62.580
63.010
63.440
63.860
64.290
64.720
65.140
65.560
66.020
66.460
66.900
67.330
67.730
68.170
68.570
69.020
69.430
69.880
70.300
70.740
71.150
71.590
72.000
72.440
72.850
73.280
73.710
74.140
74.560
75.010
75.420
75.850
76.270
76.700
77.110
77.540
77.960
78.390
78.790
79.210
79.650
80.050
80.470
80.900
81.310
81.750
82.150
82.600
83.010
83.450
83.860
84.300
84.700
85.140
85.550
85.960
86.400
86.810
87.230
87.670
88.100
88.540
88.950
89.380
89.800
90.240
90.650
91.090
91.520
91.940
92.360
92.790
93.240
93.640
94.080
94.490
94.920
95.340
95.750
96.180
96.610
97.040
97.450
97.870
98.290
98.710
99.130
99.550
99.970
100.400
100.810
101.240
101.670
102.090
102.520
102.940
103.360
103.780
104.210
104.620
105.070
105.500
105.920
106.310
106.720
107.140
107.550
107.970
108.390
108.820
109.250
109.670
110.080
110.500
110.920
111.340
111.770
112.200
112.610
113.030
113.440
113.850
114.270
114.710
115.130
115.560
116.010
116.430
116.840
117.270
117.680
118.120
118.540
118.960
119.400
119.810
120.250
120.660
121.090
121.510
121.970
122.400
122.830
123.260
123.670
124.120
124.530
124.980
125.390
125.830
126.250
126.700
127.110
127.540
127.970
128.410
128.820
129.260
129.660
130.090
130.500
130.930
131.360
131.780
132.200
132.630
133.050
133.470
133.900
134.300
134.710
135.130
135.560
135.980
136.380
136.820
137.220
137.670
138.080
138.520
138.940
139.370
139.770
140.210
140.610
141.050
141.450
141.880
142.300
142.720
143.140
143.580
143.990
144.410
144.820
145.260
145.670
146.110
146.520
146.970
147.390
147.820
148.230
148.670
149.080
149.500
149.920
150.370
150.790
151.230
151.660
152.080
152.500
152.940
153.360
153.800
154.220
154.650
155.070
155.500
155.920
156.330
156.760
157.160
157.580
