0.280
0.650
1.000
1.330
1.690
2.050
2.370
2.710
3.060
3.410
3.760
4.100
4.450
4.790
5.130
5.480
5.810
6.140
6.500
6.860
7.200
7.560
7.900
8.220
8.570
8.900
9.250
9.590
9.920
10.270
10.600
10.910
11.250
11.590
11.930
12.290
12.630
12.960
13.320
13.660
14.010
14.350
14.700
15.050
15.380
15.730
16.070
16.400
16.760
17.100
17.450
17.800
18.140
18.470
18.800
19.140
19.480
19.820
20.160
20.510
20.850
21.180
21.510
21.870
22.200
22.530
22.880
23.250
23.580
23.930
24.280
24.620
24.940
25.300
25.650
26.000
26.340
26.680
27.020
27.360
27.700
28.070
28.410
28.760
29.100
29.450
29.790
30.120
30.470
30.830
31.180
31.540
31.890
32.230
32.560
32.920
33.270
33.610
33.950
34.300
34.650
34.970
35.330
35.690
36.020
36.370
36.710
37.060
37.400
37.740
38.080
38.410
38.760
39.130
39.470
39.820
40.170
40.490
40.830
41.180
41.510
41.870
42.220
42.550
42.900
43.230
43.580
43.900
44.260
44.590
44.930
45.290
45.640
45.990
46.320
46.670
47.010
47.360
47.700
48.040
48.390
48.720
49.080
49.410
49.760
50.090
50.450
50.810
51.150
51.500
51.840
52.180
52.510
52.870
53.220
53.570
53.910
54.260
54.610
54.940
55.270
55.630
55.970
56.320
56.660
57.000
57.340
57.680
58.040
58.370
58.710
59.060
59.380
59.730
60.070
60.410
60.750
61.100
61.450
61.800
62.150
62.500
62.850
63.190
63.540
63.900
64.250
64.610
64.960
65.310
65.660
66.020
66.370
66.720
67.060
67.390
67.730
68.070
68.410
68.760
69.110
69.430
69.770
70.100
70.420
70.740
71.070
71.410
71.750
72.090
72.440
72.790
73.120
73.470
73.800
74.140
74.500
74.830
75.170
75.510
75.860
76.190
76.530
76.860
77.200
77.560
77.910
78.250
78.580
78.930
79.270
79.620
79.960
80.300
80.640
81.000
81.350
81.700
82.040
82.380
82.740
83.060
83.410
83.750
84.080
84.420
84.770
85.100
85.440
85.780
86.120
86.480
86.820
87.150
87.490
87.830
88.170
88.520
88.850
89.210
89.550
89.880
90.220
90.560
90.910
91.250
91.610
91.950
92.280
92.610
92.960
93.290
93.630
93.970
94.310
94.660
95.000
95.340
95.680
96.030
96.380
96.720
97.060
97.420
97.740
98.090
98.420
98.780
99.100
99.460
99.820
100.170
100.500
100.860
101.190
101.540
101.870
102.220
102.560
102.930
103.280
103.610
103.960
104.290
104.620
104.990
105.330
105.690
106.030
106.380
106.720
107.070
107.390
107.750
108.080
108.420
108.760
109.100
109.440
109.770
110.130
110.460
110.790
111.130
111.460
111.790
112.130
112.480
112.820
113.190
113.520
113.870
114.200
114.550
114.880
115.220
115.560
115.890
116.230
116.590
116.920
117.250
117.590
117.910
118.270
118.630
118.960
119.320
119.640
119.990
120.330
120.680
121.000
121.360
121.690
122.040
122.380
122.720
123.050
123.390
123.720
124.060
124.390
124.710
125.050
125.400
125.730
126.080
126.420
126.750
127.090
127.450
127.790
128.110
128.440
128.780
129.110
129.450
129.770
130.120
130.460
130.780
131.120
131.450
131.790
132.150
132.480
132.830
133.150
133.500
133.830
134.170
134.510
134.850
135.180
135.520
135.850
136.180
136.520
136.860
137.180
137.530
137.860
138.220
138.540
138.870
139.210
139.550
139.870
140.210
140.550
140.900
141.220
141.580
141.890
142.220
142.550
142.900
143.230
143.550
143.890
144.250
144.580
144.910
145.250
145.610
145.940
146.270
146.610
146.940
147.280
147.590
147.930
148.270
148.610
148.960
149.280
149.610
149.940
150.260
150.600
150.950
151.270
151.620
151.940
152.270
152.600
152.920
153.270
153.620
153.950
154.270
154.600
154.940
155.280
155.600
155.950
156.290
156.620
156.940
157.290
157.610
157.950
158.290
158.620
158.960
159.300
159.650
159.990
160.300
160.630
160.940
161.260
161.590
161.910
