0.470
1.030
1.600
2.120
2.660
3.170
3.680
4.190
4.690
5.200
5.740
6.240
6.770
7.290
7.780
8.310
8.820
9.310
9.800
10.310
10.790
11.250
11.740
12.230
12.720
13.210
13.690
14.190
14.690
15.180
15.680
16.170
16.670
17.160
17.640
18.130
18.610
19.100
19.600
20.090
20.590
21.080
21.570
22.040
22.540
23.020
23.530
24.030
24.530
25.020
25.500
26.030
26.530
27.020
27.520
28.020
28.510
29.010
29.500
30.000
30.490
30.980
31.470
31.960
32.450
32.910
33.380
33.870
34.350
34.860
35.350
35.860
36.350
36.850
37.340
37.840
38.330
38.840
39.340
39.840
40.320
40.820
41.310
41.790
42.290
42.780
43.270
43.780
44.280
44.760
45.260
45.770
46.270
46.760
47.250
47.760
48.260
48.760
49.270
49.760
50.270
50.770
51.250
51.750
52.230
52.730
53.220
53.730
54.210
54.690
55.170
55.680
56.160
56.670
57.160
57.660
58.150
58.640
59.150
59.670
60.170
60.660
61.150
61.650
62.150
62.620
63.110
63.590
64.090
64.570
65.030
65.530
66.030
66.540
67.030
67.530
68.030
68.530
69.010
69.500
69.990
70.500
71.010
71.500
71.990
72.500
72.990
73.490
73.980
74.480
74.970
75.470
75.950
76.410
76.890
77.380
77.890
78.390
78.880
79.370
79.870
80.360
80.860
81.350
81.860
82.360
82.850
83.350
83.830
84.320
84.810
85.300
85.780
86.290
86.780
87.270
87.750
88.240
88.740
89.230
89.720
90.200
90.690
91.180
91.660
92.160
92.650
93.140
93.640
94.110
94.610
95.120
95.600
96.130
96.610
97.070
97.550
98.030
98.540
99.020
99.520
100.010
100.500
100.990
101.480
101.990
102.510
102.980
103.480
103.970
104.450
104.930
105.420
105.920
106.400
106.900
107.380
107.840
108.330
108.820
109.320
109.820
110.320
110.810
111.310
111.780
112.290
112.790
113.290
113.790
114.280
114.770
115.250
115.750
116.240
116.720
117.220
117.710
118.200
118.680
119.150
119.620
120.100
120.590
121.090
121.580
122.080
122.570
123.040
123.510
124.000
124.490
124.990
125.470
125.960
126.430
126.910
127.380
127.860
128.350
128.840
129.310
129.790
130.270
130.740
131.230
131.740
132.230
132.720
133.170
133.640
134.110
134.610
135.080
135.580
136.090
136.590
137.080
137.570
138.070
138.580
139.070
139.590
140.090
140.580
141.080
141.590
142.080
142.590
143.090
143.550
144.040
144.530
144.990
145.500
146.000
146.500
146.980
147.490
148.000
148.480
148.980
149.500
150.060
150.590
151.190
151.790
152.410
152.980
153.610
154.200
154.840
155.450
156.030
156.650
157.230
157.840
158.430
159.010
159.580
160.180
160.780
