0.230
0.630
1.030
1.440
1.850
2.220
2.610
3.020
3.390
3.790
4.180
4.580
4.980
5.390
5.780
6.190
6.600
6.990
7.390
7.790
8.200
8.590
8.980
9.390
9.780
10.160
10.540
10.920
11.310
11.680
12.090
12.470
12.880
13.290
13.680
14.060
14.470
14.860
15.240
15.610
15.980
16.370
16.740
17.140
17.520
17.910
18.300
18.690
19.070
19.460
19.860
20.240
20.640
21.030
21.390
21.790
22.170
22.570
22.950
23.350
23.730
24.090
24.490
24.850
25.240
25.620
26.030
26.420
26.790
27.200
27.580
27.980
28.380
28.800
29.200
29.590
29.970
30.360
30.750
31.120
31.510
31.900
32.290
32.690
33.060
33.470
33.860
34.230
34.620
34.990
35.400
35.790
36.170
36.550
36.950
37.330
37.730
38.140
38.540
38.920
39.320
39.710
40.100
40.490
40.860
41.250
41.640
42.030
42.430
42.820
43.210
43.610
43.990
44.390
44.780
45.160
45.550
45.910
46.290
46.680
47.070
47.450
47.830
48.190
48.570
48.970
49.360
49.740
50.130
50.520
50.920
51.320
51.700
52.080
52.470
52.840
53.250
53.650
54.050
54.450
54.840
55.210
55.600
55.970
56.350
56.760
57.130
57.520
57.910
58.320
58.690
59.070
59.460
59.850
60.230
60.600
60.990
61.350
61.730
62.110
62.490
62.890
63.300
63.690
64.080
64.480
64.850
65.260
65.630
66.040
66.420
66.810
67.180
67.540
67.900
68.290
68.660
69.060
69.430
69.800
70.190
70.600
70.990
71.370
71.750
72.160
72.540
72.940
73.330
73.710
74.080
74.450
74.850
75.210
75.580
75.970
76.320
76.690
77.090
77.470
77.860
78.260
78.660
79.040
79.430
79.820
80.210
80.580
80.960
81.360
81.740
82.120
82.490
82.860
83.260
83.640
84.020
84.430
84.820
85.200
85.570
85.950
86.330
86.700
87.090
87.460
87.840
88.230
88.600
88.960
89.340
89.740
90.140
90.550
90.960
91.340
91.740
92.100
92.500
92.860
93.240
93.620
94.000
94.400
94.770
95.150
95.550
95.930
96.330
96.720
97.100
97.480
97.840
98.220
98.600
98.980
99.370
99.780
100.160
100.540
100.920
101.310
101.690
102.060
102.440
102.830
103.200
103.580
103.960
104.360
104.760
105.140
105.520
105.900
106.280
106.660
107.050
107.460
107.860
108.250
108.630
109.040
109.420
109.820
110.190
110.600
110.980
111.340
111.750
112.130
112.520
112.920
113.290
113.680
114.060
114.440
114.830
115.230
115.610
115.990
116.350
116.740
117.110
117.500
117.870
118.270
118.630
119.030
119.390
119.780
120.160
120.540
120.910
121.310
121.680
122.070
122.470
122.840
123.240
123.630
124.000
124.370
124.740
125.110
125.460
125.840
126.210
126.580
126.940
127.330
127.700
128.060
128.430
128.810
129.160
129.550
129.890
130.260
130.620
130.970
131.350
131.690
132.070
132.410
132.790
133.150
133.520
133.870
134.260
134.630
134.980
135.350
135.720
136.100
136.480
136.850
137.220
137.580
137.930
138.290
138.660
139.030
139.390
139.760
140.130
140.480
140.850
141.220
141.590
141.940
142.320
142.690
143.050
143.430
143.770
144.140
144.490
144.870
145.230
145.590
145.980
146.330
146.700
147.070
147.420
147.800
148.160
148.530
148.890
149.260
149.620
149.990
150.350
150.700
151.060
151.430
151.800
152.160
152.510
152.870
153.240
153.610
153.950
154.310
154.680
155.030
155.390
155.750
156.120
156.510
156.860
157.230
157.600
157.950
158.310
158.680
159.050
159.410
159.780
160.140
160.500
160.860
161.250
161.610
161.990
162.330
162.690
163.050
163.410
163.780
164.130
164.490
164.850
165.220
165.580
165.950
166.310
166.670
167.030
167.380
167.740
168.110
168.460
168.810
169.170
169.540
169.900
170.260
170.610
170.990
171.350
171.710
172.080
172.460
172.840
173.200
173.570
173.930
174.300
174.660
175.010
175.400
175.770
176.130
176.510
176.860
177.230
177.590
177.960
178.330
178.680
179.040
179.410
179.780
180.150
180.520
180.890
181.280
181.650
182.000
182.370
182.740
183.100
183.450
183.810
184.180
184.550
184.900
185.260
185.630
185.990
186.330
186.700
187.080
187.430
187.810
188.160
188.530
188.880
189.230
189.610
189.970
190.330
190.700
191.070
191.430
191.780
192.140
192.500
192.890
193.240
193.610
193.990
194.370
194.740
195.100
195.480
195.820
196.180
196.560
196.920
197.280
197.650
198.010
198.370
198.760
199.150
199.520
199.890
200.260
200.630
201.020
201.390
201.760
202.130
202.500
202.870
203.220
203.600
203.960
204.340
204.710
205.090
205.450
205.820
206.190
206.560
206.920
207.310
207.660
208.040
208.420
208.780
209.120
209.500
209.840
210.210
210.590
210.970
211.340
211.710
212.080
212.430
212.810
213.170
213.550
213.910
214.280
214.630
215.010
215.350
215.710
216.100
216.480
216.860
217.230
217.620
217.990
218.340
218.700
219.060
219.430
219.800
220.160
220.520
220.870
221.250
221.600
221.970
222.350
222.710
223.080
223.450
223.800
224.160
224.530
224.910
225.290
225.660
226.030
226.370
226.740
227.100
227.450
227.820
228.190
228.560
228.910
229.270
229.650
230.010
230.370
230.730
231.090
231.430
231.790
232.160
232.510
232.890
233.250
233.610
233.970
234.350
234.700
235.070
235.430
235.780
236.140
236.520
236.870
237.220
237.600
237.960
238.340
238.720
239.080
239.440
239.790
240.160
240.520
240.880
241.220
241.600
241.940
242.300
242.660
243.030
243.380
243.740
244.090
244.460
244.790
245.160
245.490
245.860
246.210
246.550
246.890
247.240
247.610
247.940
248.300
248.660
248.990
249.340
249.700
250.080
250.430
250.790
251.160
251.610
252.020
252.470
252.900
253.310
253.750
254.170
254.620
255.100
255.550
256.000
256.470
256.940
257.400
257.850
258.330
258.800
259.270
259.720
260.200
260.660
261.140
261.600
262.080
262.700
263.310
263.900
264.500
265.090
265.690
266.310
266.900
267.500
268.100
268.730
269.350
269.960
270.540
271.150
271.770
272.370
273.000
273.610
274.220
274.860
275.490
276.100
276.720
277.350
277.990
278.630
279.300
279.940
280.580
281.220
281.850
282.480
283.140
283.780
284.390
285.050
285.680
286.340
286.980
287.590
288.230
288.900
289.510
290.180
290.790
291.440
292.070
292.710
293.350
293.990
294.640
295.270
295.920
296.580
297.210
297.860
298.500
299.120
299.780
300.390
301.030
301.670
302.310
302.960
303.600
304.230
304.870
305.540
306.180
306.820
307.440
308.070
308.730
309.350
309.990
310.600
311.210
311.820
312.400
313.010
313.640
314.240
314.850
315.480
316.080
316.690
317.310
317.920
318.540
319.170
319.770
320.390
321.030
321.620
322.230
322.860
323.460
324.080
324.690
325.310
325.920
326.550
327.150
327.770
328.410
329.000
329.610
330.240
330.840
331.460
332.070
332.680
333.260
