0.510
1.070
1.680
2.260
2.840
3.440
4.030
4.620
5.200
5.790
6.390
6.980
7.550
8.150
8.730
9.320
9.900
10.490
11.070
11.670
12.240
12.830
13.410
14.000
14.580
15.180
15.760
16.350
16.910
17.500
18.100
18.660
19.250
19.830
20.420
20.990
21.580
22.150
22.770
23.340
23.940
24.520
25.110
25.700
26.280
26.870
27.440
28.010
28.600
29.200
29.760
30.340
30.920
31.510
32.080
32.640
33.220
33.810
34.400
34.980
35.550
36.130
36.720
37.280
37.860
38.460
39.050
39.630
40.210
40.790
41.380
41.970
42.560
43.120
43.710
44.290
44.870
45.460
46.040
46.620
47.210
47.770
48.360
48.940
49.520
50.090
50.700
51.270
51.860
52.430
53.020
53.600
54.170
54.740
55.330
55.900
56.500
57.060
57.640
58.200
58.770
59.350
59.940
60.520
61.090
61.670
62.250
62.830
63.410
63.990
64.590
65.170
65.740
66.330
66.890
67.470
68.050
68.630
69.210
69.770
70.360
70.940
71.510
72.110
72.710
73.280
73.880
74.440
75.020
75.590
76.200
76.770
77.380
77.960
78.520
79.100
79.670
80.270
80.850
81.420
82.000
82.570
83.170
83.740
84.310
84.900
85.470
86.040
86.640
87.210
87.780
88.350
88.930
89.500
90.080
90.660
91.240
91.800
92.370
92.920
93.490
94.060
94.620
95.210
95.770
96.360
96.960
97.510
98.100
98.670
99.250
99.820
100.390
100.970
101.560
102.130
102.690
103.240
103.820
104.380
104.980
105.520
