0.470
0.950
1.390
1.840
2.280
2.750
3.200
3.650
4.080
4.530
4.990
5.440
5.860
6.320
6.760
7.200
7.640
8.070
8.500
8.940
9.370
9.820
10.260
10.680
11.120
11.570
12.020
12.460
12.900
13.350
13.790
14.260
14.710
15.160
15.610
16.060
16.490
16.950
17.390
17.820
18.290
18.730
19.190
19.630
20.090
20.520
20.940
21.370
21.800
22.250
22.720
23.150
23.620
24.070
24.520
24.970
25.410
25.870
26.320
26.770
27.210
27.660
28.110
28.570
28.990
29.440
29.890
30.310
30.770
31.200
31.630
32.070
32.510
32.970
33.410
33.830
34.290
34.730
35.170
35.590
36.060
36.510
36.940
37.410
37.860
38.310
38.760
39.210
39.660
40.100
40.550
40.990
41.460
41.900
42.360
42.810
43.250
43.690
44.160
44.610
45.040
45.510
45.950
46.400
46.840
47.280
47.720
48.170
48.620
49.090
49.530
49.990
50.440
50.860
51.310
51.740
52.200
52.620
53.060
53.520
53.950
54.400
54.840
55.270
55.740
56.190
56.620
57.070
57.540
57.990
58.440
58.890
59.310
59.750
60.210
60.640
61.090
61.530
61.970
62.410
62.850
63.270
63.730
64.160
64.620
65.080
65.510
65.980
66.430
66.880
67.310
67.760
68.210
68.660
69.110
69.580
70.020
70.460
70.900
71.350
71.780
72.210
72.670
73.110
73.530
73.990
74.430
74.870
75.290
75.740
76.190
76.630
77.050
77.490
77.950
78.370
78.820
79.290
79.750
80.200
80.650
81.110
81.580
82.030
82.500
82.940
83.390
83.850
84.300
84.750
85.170
85.620
86.070
86.510
86.940
87.390
87.830
88.290
88.740
89.190
89.630
90.080
90.510
90.960
91.400
91.840
92.260
92.700
93.150
93.580
94.040
94.460
94.920
95.340
95.790
96.220
96.690
97.140
97.590
98.020
98.470
98.920
99.380
99.820
100.290
100.740
101.190
101.630
102.080
102.510
102.970
103.410
103.840
104.270
104.720
105.190
105.640
106.090
106.520
106.970
107.410
107.860
108.300
108.750
109.180
109.620
110.090
110.540
110.970
111.410
111.850
112.300
112.730
113.190
113.630
114.090
114.540
114.980
115.450
115.900
116.340
116.800
117.230
117.680
118.110
118.560
119.000
119.440
119.880
120.330
120.790
121.240
121.670
122.140
122.590
123.020
123.490
123.920
124.380
124.840
125.270
125.730
126.170
126.620
127.060
127.490
127.950
128.400
128.840
129.310
129.750
130.200
130.640
131.080
131.520
131.970
132.390
132.850
133.290
133.760
134.210
134.660
135.110
135.560
136.000
136.460
136.910
137.350
137.810
138.260
138.690
139.140
139.610
140.040
140.500
140.940
141.380
141.820
142.290
142.740
143.170
143.620
144.080
144.520
144.990
145.440
145.890
146.310
146.760
147.210
147.640
148.100
148.530
149.000
149.440
149.890
150.340
150.800
151.250
151.700
152.150
152.590
153.050
153.500
153.930
154.380
154.830
155.260
155.720
156.140
156.600
157.030
157.480
157.900
158.360
158.800
159.240
159.680
160.110
160.550
160.980
161.430
161.870
162.320
162.760
163.190
163.620
164.070
164.480
164.910
165.350
165.780
166.220
166.650
167.080
167.540
168.020
168.480
168.940
169.390
169.870
170.340
170.800
171.280
171.730
172.210
172.690
173.140
173.610
