0.130
0.780
1.440
2.090
2.720
3.360
3.970
4.600
5.220
5.830
6.480
7.100
7.730
8.400
9.110
9.790
10.430
11.110
11.710
12.350
12.980
13.620
14.260
14.910
15.540
16.180
16.780
17.440
18.070
18.730
19.380
20.030
20.640
21.310
21.950
22.580
23.240
23.880
24.510
25.150
25.780
26.430
27.050
27.680
28.320
28.960
29.580
30.210
30.840
31.500
32.140
32.770
33.410
34.070
34.720
35.360
36.000
36.650
37.270
37.880
38.500
39.170
39.790
40.420
41.070
41.750
42.380
43.000
43.640
44.300
44.950
45.590
46.230
46.890
47.520
48.170
48.790
49.450
50.080
50.730
51.370
52.000
52.630
53.270
53.870
54.530
55.180
55.820
56.440
57.080
57.680
58.320
58.940
59.590
60.230
60.870
61.510
62.170
62.810
63.430
64.080
64.700
65.330
65.950
66.590
67.240
67.850
68.470
69.120
69.750
70.420
71.040
71.670
72.290
72.920
73.550
74.200
74.830
75.470
76.120
76.770
77.390
78.000
78.640
79.270
79.920
80.570
81.190
81.820
82.480
83.120
83.750
84.400
85.050
85.670
86.350
86.980
87.600
88.240
88.890
89.540
90.170
90.790
91.400
92.040
92.700
93.340
93.980
94.630
95.220
95.830
96.450
97.090
97.790
98.420
99.050
99.690
100.350
101.000
