0.330
0.790
1.230
1.710
2.170
2.630
3.070
3.530
4.010
4.450
4.930
5.390
5.810
6.250
6.710
7.150
7.570
7.980
8.410
8.830
9.240
9.650
10.080
10.510
10.920
11.350
11.770
12.180
12.600
13.010
13.430
13.850
14.270
14.690
15.110
15.520
15.930
16.330
16.730
17.160
17.570
17.980
18.400
18.830
19.240
19.650
20.060
20.480
20.890
21.320
21.750
22.160
22.580
22.990
23.410
23.840
24.250
24.690
25.110
25.530
25.950
26.360
26.790
27.190
27.610
28.040
28.460
28.870
29.290
29.700
30.110
30.530
30.950
31.360
31.790
32.210
32.630
33.050
33.460
33.880
34.310
34.720
35.130
35.550
35.960
36.390
36.800
37.220
37.650
38.060
38.490
38.910
39.340
39.760
40.160
40.590
41.010
41.440
41.860
42.280
42.700
43.120
43.540
43.960
44.370
44.800
45.230
45.650
46.090
46.490
46.910
47.330
47.760
48.190
48.610
49.030
49.450
49.860
50.280
50.700
51.130
51.560
51.970
52.400
52.840
53.260
53.680
54.100
54.530
54.940
55.370
55.780
56.220
56.620
57.050
57.480
57.900
58.300
58.740
59.160
59.560
59.960
60.400
60.820
61.220
61.660
62.060
62.480
62.890
63.310
63.730
64.130
64.550
64.960
65.370
65.790
66.210
66.630
67.050
67.480
67.890
68.310
68.740
69.150
69.580
69.990
70.420
70.850
71.260
71.690
72.110
72.510
72.930
73.350
73.780
74.200
74.610
75.050
75.470
75.880
76.300
76.740
77.170
77.590
78.020
78.430
78.860
79.280
79.700
80.130
80.560
80.970
81.410
81.810
82.250
82.660
83.080
83.510
83.930
84.350
84.780
85.190
85.620
86.040
86.460
86.880
87.300
87.720
88.140
88.560
88.980
89.390
89.830
90.230
90.680
91.090
91.530
91.940
92.360
92.790
93.210
93.630
94.060
94.480
94.890
95.300
95.710
96.130
96.540
96.950
97.380
97.790
98.210
98.640
99.060
99.470
99.910
100.320
100.750
101.160
101.580
101.990
102.430
102.850
103.270
103.710
104.140
104.550
104.980
105.390
105.800
106.220
106.640
107.070
107.480
107.920
108.340
108.760
109.180
109.600
110.020
110.440
110.870
111.310
111.750
112.170
112.570
112.990
113.420
113.860
114.270
114.710
115.130
115.580
116.000
116.430
116.850
117.280
117.700
118.120
118.550
118.970
119.380
119.800
120.210
120.650
121.080
121.510
121.930
122.360
122.790
123.200
123.610
124.030
124.480
124.890
125.340
125.760
126.180
126.580
127.020
127.420
127.860
128.290
128.710
129.140
129.570
129.990
130.430
130.830
131.250
131.680
132.110
132.520
132.950
133.360
133.790
134.210
134.630
135.060
135.510
135.930
136.360
136.780
137.220
137.640
138.070
138.470
138.920
139.330
139.770
140.180
140.620
141.030
141.460
141.880
142.300
142.710
143.120
143.540
143.980
144.420
144.840
145.260
145.670
146.090
146.510
146.920
147.340
147.770
148.180
148.620
149.040
149.450
149.880
150.290
150.720
151.130
151.560
151.960
152.380
152.800
153.230
153.640
154.080
154.490
154.930
155.350
155.780
156.190
156.620
157.030
157.440
157.880
158.300
158.710
159.120
159.560
159.960
160.400
160.800
161.220
161.660
162.060
162.500
162.900
