0.600
1.490
2.430
3.330
4.220
5.130
6.030
6.940
7.830
8.740
9.630
10.520
11.410
12.290
13.180
14.070
14.950
15.840
16.700
17.580
18.450
19.330
20.190
21.070
21.950
22.830
23.690
24.540
25.450
26.340
27.200
28.090
28.990
29.870
30.750
31.650
32.570
33.450
34.320
35.200
36.070
36.930
37.790
38.670
39.530
40.390
41.230
42.030
42.890
43.710
44.540
45.370
46.230
47.080
47.930
48.770
49.580
50.410
51.240
52.120
52.920
53.750
54.580
55.410
56.210
57.030
57.860
58.670
59.490
60.290
61.110
61.930
62.730
63.530
64.450
65.330
66.240
67.110
67.990
68.870
69.710
70.580
71.450
72.290
73.130
73.980
74.850
75.710
76.570
77.390
78.240
79.120
80.000
80.830
81.680
82.530
83.380
84.230
85.050
85.890
86.710
87.540
88.360
89.180
90.020
90.850
91.670
92.470
93.300
94.130
94.950
95.740
96.560
97.390
98.200
99.010
99.830
100.630
101.420
102.240
103.030
103.860
104.650
105.470
106.280
107.060
107.860
108.630
109.430
110.250
111.030
111.850
112.640
113.420
114.210
115.000
115.800
116.620
117.400
118.170
118.960
119.730
120.550
121.490
122.390
