0.100
0.600
1.110
1.620
2.160
2.710
3.240
3.780
4.330
4.860
5.400
5.900
6.430
6.970
7.500
8.040
8.560
9.100
9.640
10.170
10.700
11.250
11.770
12.310
12.840
13.380
13.910
14.450
14.980
15.530
16.040
16.580
17.100
17.650
18.180
18.710
19.230
19.780
20.300
20.850
21.370
21.910
22.430
22.970
23.490
24.030
24.550
25.080
25.600
26.150
26.680
27.210
27.740
28.290
28.810
29.350
29.880
30.420
30.960
31.480
32.010
32.550
33.060
33.600
34.120
34.650
35.170
35.710
36.240
36.770
37.300
37.820
38.340
38.890
39.420
39.940
40.470
40.990
41.510
42.050
42.560
43.090
43.610
44.140
44.660
45.190
45.710
46.250
46.760
47.300
47.820
48.350
48.900
49.390
49.910
50.440
50.960
51.480
52.000
52.530
53.050
53.580
54.110
54.640
55.160
55.680
56.210
56.730
57.260
57.790
58.310
58.840
59.360
59.890
60.430
60.960
61.470
62.020
62.540
63.080
63.600
64.140
64.670
65.200
65.720
66.250
66.770
67.310
67.830
68.370
68.890
69.410
69.930
70.470
70.990
71.520
72.060
72.580
73.100
73.630
74.150
74.700
75.220
75.760
76.280
76.810
77.340
77.860
78.390
78.920
79.440
79.960
80.490
81.010
81.540
82.070
82.600
83.120
83.650
84.180
84.700
85.230
85.760
86.290
86.800
87.330
87.860
88.380
88.910
89.430
89.950
90.470
91.000
91.540
92.070
92.590
93.150
93.660
94.230
94.720
95.240
95.770
96.300
96.830
97.350
97.890
98.420
98.940
99.480
100.020
100.540
101.060
101.580
102.120
102.650
103.170
103.700
104.220
104.750
105.270
105.800
106.340
106.870
107.400
107.920
108.460
108.990
109.520
110.040
110.570
111.090
111.640
112.170
112.700
113.250
113.780
114.310
114.840
115.370
115.910
116.440
116.970
117.480
118.020
118.550
119.090
119.620
120.150
120.670
121.220
121.750
122.300
122.820
123.350
123.870
124.410
124.930
125.470
125.990
126.530
127.050
127.590
128.110
128.650
129.170
129.710
130.250
130.780
131.300
131.830
132.350
132.880
133.410
133.950
134.480
135.000
135.530
136.060
136.590
137.120
137.650
138.180
138.710
139.240
139.770
140.280
140.800
141.330
141.850
142.400
142.910
143.430
143.970
144.490
145.020
145.560
146.080
146.620
147.160
147.690
148.220
148.740
149.300
149.820
150.360
150.890
151.430
151.970
152.490
153.020
153.570
154.090
154.630
155.160
155.690
156.220
156.740
157.280
157.820
158.350
158.870
159.400
159.930
160.460
160.990
161.530
162.080
162.600
163.140
163.660
164.200
164.740
165.270
165.800
166.330
166.870
167.410
167.940
168.470
169.010
169.540
170.070
170.600
171.130
171.670
172.200
172.730
173.270
173.790
174.330
174.870
175.400
175.920
176.460
177.010
177.530
178.050
178.580
179.130
179.640
180.170
180.700
181.230
181.770
182.280
182.820
183.360
183.920
184.430
184.990
185.530
186.040
186.580
187.140
187.700
188.290
