0.700
1.480
2.300
3.110
3.880
4.620
5.410
6.190
6.930
7.740
8.470
9.150
9.850
10.560
11.280
12.000
12.700
13.420
14.120
14.850
15.540
16.260
16.980
17.670
18.380
19.090
19.790
20.490
21.210
21.890
22.590
23.280
24.000
24.700
25.390
26.090
26.810
27.500
28.170
28.890
29.580
30.290
30.990
31.690
32.390
33.110
33.800
34.480
35.180
35.890
36.580
37.280
37.990
38.680
39.380
40.090
40.780
41.480
42.170
42.880
43.600
44.300
44.980
45.670
46.370
47.070
47.790
48.480
49.170
49.870
50.570
51.260
51.960
52.660
53.350
54.070
54.760
55.460
56.150
56.870
57.560
58.250
58.940
59.670
60.340
61.050
61.770
62.470
63.170
63.870
64.590
65.300
66.010
66.710
67.420
68.130
68.830
69.540
70.260
70.960
71.690
72.380
73.130
73.810
74.530
75.240
75.930
76.660
77.390
78.080
78.810
79.520
80.240
80.930
81.640
82.340
83.060
83.770
84.480
85.220
85.920
86.630
87.340
88.050
88.760
89.460
90.190
90.910
91.610
92.300
92.990
93.740
94.430
95.140
95.840
96.550
97.280
97.970
98.680
99.400
100.070
100.820
101.530
102.230
102.930
103.650
104.350
105.070
105.780
106.490
107.170
107.890
108.600
109.290
109.980
110.690
111.380
112.100
112.770
113.480
114.200
114.880
115.570
116.290
116.990
117.690
118.390
119.120
119.810
120.480
121.210
121.880
122.610
123.330
124.030
124.710
125.410
126.130
126.840
127.540
128.230
128.940
129.620
130.310
131.010
131.710
132.410
133.140
133.840
134.550
135.260
135.950
136.670
137.390
138.100
138.810
139.530
140.220
140.920
141.610
142.320
143.010
143.730
144.430
145.130
145.850
146.560
147.260
147.970
148.670
149.370
150.080
150.770
151.470
152.190
152.900
153.560
154.260
154.980
155.690
156.390
157.100
157.820
158.520
159.230
159.920
160.630
161.330
162.040
162.760
163.470
164.170
164.890
165.590
166.320
167.030
167.670
168.360
169.030
169.710
170.370
171.080
171.790
172.460
173.160
173.870
174.570
175.260
175.980
176.680
177.410
178.120
178.860
179.570
180.300
181.010
181.740
182.450
183.170
183.880
184.600
185.320
186.040
186.750
187.470
188.210
188.930
189.640
190.350
191.060
191.780
192.490
193.220
193.920
194.640
195.360
196.080
196.770
197.490
198.200
198.930
199.600
200.320
201.040
201.760
202.470
203.190
203.910
204.620
205.300
206.010
206.740
207.460
208.160
208.880
209.600
210.340
211.040
211.770
212.490
213.220
213.910
214.640
215.360
216.120
216.830
217.550
218.290
219.030
219.740
220.410
221.100
221.790
222.500
223.190
223.940
224.610
225.320
226.050
226.780
227.480
228.180
228.930
229.670
