0.580
1.290
2.010
2.770
3.470
4.220
5.000
5.810
6.650
7.450
8.240
9.070
9.850
10.710
11.530
12.370
13.160
14.010
14.830
15.690
16.490
17.310
18.130
18.950
19.780
20.580
21.380
22.250
23.070
23.880
24.680
25.480
26.270
27.080
27.910
28.720
29.570
30.350
31.180
32.030
32.850
33.680
34.510
35.340
36.150
36.980
37.770
38.580
39.370
40.090
40.810
41.280
41.680
42.100
42.490
42.920
43.330
43.740
44.140
44.560
44.950
45.350
45.760
46.170
46.580
46.970
47.380
47.790
48.180
48.580
48.980
49.380
49.800
50.190
50.620
51.020
51.430
51.810
52.220
52.620
53.030
53.420
53.810
54.220
54.630
55.010
55.440
55.850
56.260
56.650
57.060
57.470
57.880
58.300
58.700
59.130
59.540
59.950
60.340
60.770
61.180
61.590
61.980
62.370
62.770
63.190
63.570
63.990
64.390
64.770
65.170
65.570
65.980
66.370
66.790
67.190
67.580
67.980
68.380
68.780
69.180
69.570
69.960
70.360
70.750
71.140
71.520
71.900
72.300
72.690
73.100
73.500
73.900
74.280
74.690
75.080
75.490
75.870
76.250
76.650
77.070
77.450
77.850
78.270
78.670
79.050
79.460
79.850
80.270
80.650
81.050
81.460
81.870
82.250
82.650
83.060
83.460
83.840
84.250
84.630
85.030
85.410
85.800
86.180
86.590
86.960
87.350
87.750
88.150
88.540
88.950
89.350
89.750
90.130
90.550
90.930
91.350
91.720
92.120
92.520
92.940
93.320
93.740
94.120
94.530
94.920
95.310
95.710
96.120
96.510
96.920
97.310
97.720
98.110
98.510
98.910
99.310
99.700
100.100
100.530
100.940
101.340
101.740
102.170
102.580
102.980
103.370
103.770
104.180
104.580
104.960
105.370
105.780
106.160
106.560
106.980
107.380
107.770
108.160
108.590
108.990
109.390
109.780
110.170
110.580
110.980
111.380
111.780
112.170
112.550
112.960
113.360
113.750
114.140
114.530
114.940
115.320
115.720
116.100
116.480
116.900
117.300
117.680
118.070
118.470
118.850
119.250
119.640
120.030
120.410
120.820
121.210
121.610
122.000
122.390
122.780
123.170
123.550
123.940
124.330
124.730
125.110
125.520
125.930
126.320
126.730
127.120
127.530
127.910
128.330
128.730
129.140
129.530
129.960
130.350
130.760
131.170
131.590
131.980
132.390
132.790
133.210
133.610
134.000
134.400
134.810
135.210
135.600
136.000
136.400
136.820
137.210
137.610
138.000
138.410
138.800
139.190
139.590
139.990
140.380
140.790
141.190
141.600
142.000
142.400
142.780
143.180
143.580
144.000
144.370
144.770
145.170
145.580
145.990
146.390
146.780
147.170
147.580
147.970
148.370
148.760
149.160
149.560
149.950
150.340
150.720
151.120
151.530
151.910
152.320
152.700
153.090
153.490
153.880
154.250
154.650
155.030
155.430
155.810
156.210
156.600
156.980
157.370
157.770
158.180
158.580
158.960
159.360
159.730
160.130
160.520
160.900
161.310
161.700
162.100
162.480
162.900
163.290
163.700
164.090
164.490
164.880
165.270
165.680
166.070
166.460
166.830
167.250
167.630
168.030
168.440
168.830
169.230
169.610
170.000
170.390
170.800
171.180
171.570
171.940
172.320
172.690
173.060
173.440
173.790
174.180
174.550
174.900
175.250
175.630
176.010
176.370
176.720
177.070
177.440
177.790
178.160
178.530
178.890
179.260
179.640
179.990
180.350
180.720
181.070
181.440
181.800
182.170
182.510
182.870
183.220
183.570
183.940
184.310
184.660
185.020
185.370
185.740
186.090
186.460
186.800
187.160
187.520
187.900
188.260
188.620
188.970
189.320
189.680
190.040
190.390
190.750
191.100
191.460
191.840
192.200
192.540
192.920
193.280
193.630
194.000
194.340
194.710
195.060
195.430
195.780
196.140
196.500
196.860
197.240
197.600
197.950
198.320
198.680
199.020
199.400
199.750
200.100
200.450
200.820
201.180
201.530
201.880
202.260
202.620
202.960
203.330
203.690
204.040
204.400
204.750
205.120
205.460
205.810
206.160
206.510
206.860
207.230
207.570
207.940
208.290
208.650
209.000
209.340
209.700
210.060
210.400
210.770
211.110
211.470
211.820
212.160
212.530
212.880
213.230
213.610
213.980
214.350
214.760
215.150
215.540
215.920
216.310
216.720
217.120
217.510
217.910
218.310
218.720
219.110
219.510
219.930
220.310
220.730
221.130
221.520
221.920
222.330
222.730
223.150
223.560
223.960
224.380
224.800
225.210
225.640
226.040
226.460
226.850
227.290
227.710
228.150
228.560
228.990
229.440
229.890
230.330
230.810
231.290
231.780
232.270
232.750
233.230
233.700
234.170
234.670
235.150
235.610
236.100
