0.000
0.360
0.690
1.030
1.360
1.690
2.020
2.350
2.680
3.010
3.330
3.660
3.990
4.310
4.630
4.960
5.300
5.620
5.960
6.290
6.620
6.950
7.290
7.630
7.970
8.310
8.650
8.970
9.310
9.640
9.950
10.280
10.620
10.950
11.280
11.620
11.940
12.280
12.600
12.920
13.220
13.540
13.850
14.190
14.520
14.830
15.160
15.480
15.790
16.110
16.430
16.770
17.110
17.460
17.800
18.120
18.440
18.770
19.100
19.430
19.770
20.100
20.430
20.760
21.090
21.420
21.760
22.080
22.390
22.720
23.040
23.370
23.690
24.020
24.360
24.690
25.010
25.350
25.690
26.020
26.350
26.660
27.020
27.340
27.670
28.020
28.350
28.680
29.000
29.320
29.650
29.990
30.330
30.660
30.990
31.320
31.640
31.960
32.280
32.590
32.910
33.240
33.550
33.880
34.190
34.500
34.810
35.120
35.440
35.780
36.120
36.470
36.790
37.110
37.440
37.780
38.120
38.450
38.780
39.120
39.470
39.800
40.140
40.480
40.830
41.160
41.490
41.840
42.180
42.530
42.870
43.210
43.540
43.870
44.210
44.560
44.880
45.220
45.570
45.890
46.230
46.570
46.920
47.250
47.610
47.950
48.280
48.610
48.960
49.300
49.640
49.970
50.300
50.640
50.960
51.310
51.660
52.000
52.340
52.680
53.010
53.350
53.690
54.020
54.360
54.700
55.060
55.400
55.740
56.080
56.420
56.750
57.080
57.440
57.760
58.110
58.440
58.780
59.100
59.430
59.770
60.120
60.460
60.800
61.140
61.470
61.820
62.150
62.490
62.820
63.160
63.490
63.840
64.170
64.510
64.850
65.180
65.520
65.850
66.190
66.530
66.860
67.200
67.530
67.860
68.200
68.540
68.880
69.210
69.560
69.890
70.220
70.560
70.910
71.240
71.580
71.920
72.260
72.590
72.930
73.260
73.600
73.940
74.280
74.610
74.950
75.270
75.610
75.950
76.290
76.630
76.980
77.320
77.660
77.990
78.330
78.670
79.000
79.350
79.680
80.030
80.370
80.720
81.050
81.420
81.750
82.100
82.430
82.790
83.110
83.460
83.800
84.140
84.470
84.820
85.150
85.510
85.830
86.180
86.510
86.850
87.180
87.520
87.840
88.190
88.540
88.870
89.190
89.540
89.860
90.200
90.530
90.870
91.200
91.540
91.870
92.210
92.530
92.880
93.200
93.520
93.850
94.180
94.510
94.840
95.170
95.520
95.840
96.180
96.490
96.830
97.170
97.530
97.870
98.220
98.630
99.220
99.890
100.570
101.270
101.950
102.630
103.310
104.000
104.690
105.360
106.060
106.740
107.430
108.130
108.820
109.530
110.200
110.900
111.580
112.270
112.930
113.640
114.320
115.000
115.680
116.370
117.070
117.750
118.440
119.130
119.840
120.510
121.180
121.820
122.500
123.200
123.900
124.570
125.230
125.930
126.600
127.260
127.920
128.600
129.280
129.950
130.630
131.300
131.990
132.670
133.310
134.000
134.670
135.320
135.990
136.620
137.270
137.930
138.600
139.250
139.910
140.590
141.240
141.890
142.570
143.300
143.970
144.680
145.470
146.250
147.050
147.950
