0.090
0.650
1.190
1.730
2.260
2.770
3.320
3.830
4.350
4.900
5.440
5.960
6.480
7.010
7.520
8.060
8.580
9.120
9.670
10.190
10.710
11.240
11.790
12.310
12.840
13.370
13.900
14.410
14.940
15.470
15.990
16.510
17.040
17.570
18.120
18.640
19.160
19.690
20.240
20.770
21.270
21.800
22.360
22.860
23.390
23.930
24.470
25.010
25.530
26.070
26.580
27.130
27.670
28.210
28.750
29.290
29.800
30.340
30.900
31.420
31.960
32.470
32.990
33.530
34.050
34.550
35.090
35.620
36.130
36.640
37.180
37.700
38.220
38.740
39.250
39.790
40.280
40.800
41.310
41.840
42.360
42.880
43.430
43.950
44.470
44.990
45.540
46.080
46.590
47.120
47.630
48.150
48.680
49.200
49.720
50.240
50.760
51.300
51.810
52.350
52.870
53.400
53.940
54.460
54.980
55.500
56.040
56.560
57.100
57.620
58.150
58.690
59.180
59.730
60.270
60.810
61.350
61.860
62.410
62.950
63.470
64.010
64.540
65.070
65.590
66.100
66.610
67.150
67.660
68.200
68.720
69.250
69.780
70.310
70.840
71.370
71.870
72.400
72.950
73.490
74.010
74.510
75.040
75.570
76.100
76.610
77.170
77.700
78.230
78.730
79.290
79.820
80.330
80.830
81.380
81.910
82.430
82.950
83.470
84.010
84.500
85.040
85.570
86.110
86.610
87.140
87.680
88.190
88.690
89.210
89.740
90.270
90.800
91.320
91.820
92.310
92.830
93.360
93.900
94.430
94.970
95.500
96.040
96.580
97.110
97.650
98.180
98.710
99.230
99.760
100.260
100.790
101.330
101.850
102.370
102.870
103.380
103.900
104.450
104.940
105.500
106.010
106.550
107.080
107.590
108.110
108.620
109.140
109.650
110.180
110.700
111.200
111.740
112.240
112.770
113.280
113.790
114.320
114.860
115.370
115.870
116.370
116.860
117.360
117.890
118.400
118.880
119.400
119.910
120.420
120.950
121.480
121.980
122.500
123.010
123.520
124.040
124.540
125.050
125.550
126.070
126.590
127.130
127.630
128.140
128.640
129.180
129.660
130.200
130.700
131.210
131.730
132.240
132.750
133.250
133.750
134.260
134.760
135.310
135.830
136.350
136.860
137.380
137.870
138.400
138.910
139.430
139.940
140.460
140.970
141.480
141.990
142.490
143.010
143.530
144.030
144.560
145.060
145.590
146.110
146.620
147.140
147.660
148.170
148.680
149.190
149.700
150.190
150.690
151.230
151.780
152.290
152.790
153.310
153.850
154.380
154.880
155.410
155.940
156.460
156.990
157.510
158.040
158.570
159.080
159.590
160.150
160.660
161.180
161.700
162.220
162.740
163.250
163.780
164.310
164.830
165.340
165.850
166.350
166.860
167.370
167.880
168.410
168.940
169.440
169.950
170.500
171.000
171.530
172.060
172.590
173.110
173.650
174.170
174.710
175.210
175.740
176.260
176.790
177.320
177.830
178.350
178.890
179.420
179.940
180.460
180.980
181.500
182.000
182.510
183.030
183.530
184.020
184.540
185.070
185.600
186.100
186.620
187.140
187.650
188.180
188.670
189.200
189.700
190.200
190.740
191.240
191.750
192.270
192.790
193.310
193.820
194.330
194.860
195.410
195.930
196.430
196.970
197.490
198.020
198.530
199.030
199.560
200.080
200.600
201.100
201.630
202.170
202.670
203.180
203.730
204.230
204.750
205.260
205.790
206.320
206.840
207.360
207.890
208.410
208.910
209.440
209.980
210.500
211.030
211.550
212.100
212.600
213.150
213.680
214.190
214.690
215.210
215.740
216.220
216.740
217.260
217.770
218.290
218.810
219.330
219.850
220.360
220.880
221.380
221.910
222.440
222.960
223.480
223.980
224.480
224.980
225.490
226.000
226.540
227.040
227.570
228.090
228.620
229.120
229.630
230.160
230.670
231.190
231.690
232.190
232.700
233.220
233.730
234.250
234.780
235.300
235.800
236.320
236.840
237.360
237.880
238.400
238.950
239.490
239.990
240.490
240.990
241.500
242.000
242.510
243.040
243.540
244.060
244.550
245.070
245.580
246.090
246.610
247.140
247.640
248.160
248.660
249.170
249.690
250.180
250.690
251.210
251.740
252.250
252.760
253.280
253.790
254.300
254.820
255.340
255.880
256.390
256.900
257.440
257.960
258.470
258.990
259.500
260.010
260.530
261.030
261.560
262.080
262.600
263.100
263.640
264.140
264.650
265.150
265.660
266.160
266.670
267.180
267.710
268.240
268.750
269.260
269.790
270.320
270.830
271.340
271.860
272.360
272.870
273.370
273.880
274.380
274.900
275.420
275.930
276.450
276.950
277.460
277.980
278.480
279.010
279.530
280.070
280.570
281.090
281.580
282.060
282.540
283.000
283.500
283.960
284.440
284.940
