0.410
0.920
1.410
1.940
2.420
2.910
3.420
3.920
4.440
4.930
5.430
5.920
6.430
6.920
7.420
7.920
8.420
8.930
9.420
9.920
10.440
10.920
11.430
11.920
12.460
12.950
13.470
13.960
14.470
14.960
15.470
15.960
16.480
16.980
17.500
18.000
18.520
19.010
19.490
19.990
20.490
20.980
21.480
21.970
22.480
22.960
23.460
23.960
24.440
24.930
25.420
25.930
26.420
26.900
27.390
27.910
28.390
28.890
29.370
29.850
30.330
30.800
31.280
31.820
32.310
32.810
33.320
33.820
34.330
34.830
35.320
35.820
36.340
36.830
37.320
37.830
38.340
38.820
39.310
39.800
40.300
40.780
41.310
41.800
42.290
42.800
43.330
43.840
44.340
44.820
45.360
45.850
46.370
46.890
47.390
47.880
48.390
48.870
49.380
49.880
50.370
50.870
51.390
51.870
52.370
52.860
53.340
53.840
54.340
54.820
55.350
55.820
56.310
56.790
57.310
57.780
58.260
58.770
59.260
59.720
60.210
60.680
61.180
61.710
62.190
62.690
63.190
63.670
64.160
64.660
65.150
65.650
66.130
66.630
67.120
67.610
68.100
68.590
69.090
69.570
70.050
70.530
71.020
71.510
72.010
72.480
72.980
73.460
73.950
74.440
74.930
75.410
75.910
76.390
76.860
77.350
77.860
78.360
78.830
79.340
79.810
80.320
80.810
81.320
81.820
82.320
82.820
83.330
83.820
84.310
84.810
85.320
85.810
86.310
86.810
87.320
87.810
88.320
88.820
89.320
89.810
90.320
90.810
91.310
91.820
92.340
92.820
93.320
93.830
94.320
94.820
95.320
95.830
96.330
96.810
97.340
97.840
98.320
98.820
99.310
99.790
100.290
100.780
101.270
101.750
102.250
102.750
103.230
103.720
104.210
104.710
105.190
105.670
106.160
106.640
107.140
107.630
108.110
108.570
109.070
109.730
110.390
111.050
111.790
112.500
113.250
114.030
114.830
115.580
116.350
117.140
117.940
118.760
119.570
120.470
121.370
122.230
123.080
123.950
124.860
125.780
126.720
127.740
128.820
129.750
130.720
131.660
132.650
133.700
134.740
135.870
136.960
