0.110
0.800
1.480
2.180
2.870
3.510
4.160
4.850
5.530
6.210
6.860
7.530
8.190
8.870
9.520
10.190
10.850
11.530
12.180
12.840
13.540
14.230
14.880
15.540
16.240
16.900
17.560
18.240
18.920
19.600
20.280
20.960
21.650
22.310
22.990
23.680
24.320
24.980
25.630
26.310
26.970
27.640
28.290
28.960
29.630
30.290
30.940
31.610
32.270
32.940
33.600
34.250
34.920
35.580
36.250
36.940
37.590
38.250
38.890
39.570
40.200
40.850
41.500
42.180
42.840
43.510
44.170
44.820
45.450
46.090
46.720
47.380
48.040
48.710
49.370
50.020
50.670
51.300
51.940
52.590
53.220
53.870
54.520
55.160
55.810
56.440
57.080
57.710
58.330
58.990
59.640
60.250
60.890
61.540
62.170
62.800
63.450
64.100
64.720
65.370
66.000
66.620
67.260
67.900
68.550
69.200
69.830
70.480
71.140
71.780
72.420
73.080
73.720
74.380
75.020
75.660
76.300
76.960
77.590
78.220
78.870
79.510
80.140
80.780
81.420
82.050
82.690
83.330
83.970
84.600
85.230
85.870
86.520
87.160
87.800
88.430
89.070
89.700
90.370
91.010
91.620
92.280
92.910
93.550
94.210
94.820
95.510
96.160
96.800
97.430
98.100
98.730
99.370
100.010
100.650
101.300
101.960
102.620
103.270
103.910
104.550
105.210
105.860
106.520
107.150
107.790
108.420
109.060
109.700
110.360
110.990
111.680
112.330
112.980
113.620
114.250
114.890
115.520
116.180
116.800
117.440
118.090
118.710
119.420
120.070
120.790
121.470
122.090
122.680
123.300
123.890
