0.320
0.730
1.170
1.620
2.040
2.480
2.920
3.380
3.810
4.230
4.650
5.090
5.520
5.940
6.370
6.800
7.220
7.630
8.060
8.490
8.920
9.350
9.760
10.180
10.600
11.020
11.450
11.850
12.300
12.730
13.140
13.580
14.000
14.430
14.870
15.290
15.730
16.150
16.580
17.010
17.470
17.880
18.330
18.740
19.190
19.600
20.050
20.490
20.930
21.360
21.780
22.200
22.610
23.040
23.490
23.920
24.340
24.760
25.210
25.630
26.050
26.490
26.930
27.360
27.780
28.230
28.680
29.110
29.550
29.980
30.420
30.860
31.320
31.740
32.200
32.620
33.050
33.480
33.930
34.350
34.780
35.210
35.620
36.060
36.460
36.880
37.320
37.740
38.190
38.620
39.040
39.490
39.920
40.350
40.790
41.230
41.670
42.110
42.560
43.010
43.450
43.880
44.310
44.750
45.210
45.630
46.080
46.510
46.940
47.360
47.820
48.250
48.690
49.120
49.530
49.970
50.390
50.820
51.250
51.700
52.130
52.550
52.970
53.400
53.830
54.280
54.690
55.120
55.530
55.940
56.380
56.790
57.240
57.660
58.120
58.550
58.960
59.410
59.820
60.250
60.700
61.130
61.550
61.990
62.400
62.840
63.300
63.740
64.160
64.620
65.060
65.490
65.920
66.360
66.770
67.200
67.630
68.060
68.510
68.930
69.350
69.800
70.230
70.640
71.080
71.500
71.930
72.360
72.810
73.210
73.600
73.970
74.360
74.760
75.150
75.540
75.920
76.310
76.690
77.080
77.430
77.800
78.180
78.570
78.940
79.330
79.710
80.090
80.460
80.850
81.220
81.570
81.940
82.320
82.700
83.060
83.430
83.810
84.180
84.550
84.900
85.280
85.650
86.020
86.410
86.770
87.150
87.520
87.890
88.250
88.630
88.990
89.360
89.730
90.100
90.470
90.860
91.210
91.600
91.940
92.300
92.670
93.040
93.430
93.790
94.170
94.540
94.960
95.350
95.750
96.160
96.570
96.970
97.370
97.780
98.200
98.600
99.000
99.390
99.790
100.180
100.560
100.950
101.370
101.770
102.180
102.590
102.980
103.400
103.810
104.210
104.620
105.050
105.470
105.880
106.300
106.720
107.130
107.550
107.980
108.390
108.780
109.200
109.620
110.030
110.440
110.860
111.270
111.690
112.100
112.510
112.930
113.340
113.730
114.130
114.550
114.950
115.350
115.740
116.140
116.540
116.950
117.370
117.790
118.200
118.600
118.980
119.380
119.810
120.210
120.640
121.040
121.480
121.880
122.300
122.720
123.140
123.580
123.980
124.420
124.830
125.260
125.660
126.090
126.500
126.920
127.340
127.760
128.170
128.590
128.980
129.410
129.830
130.260
130.680
131.080
131.510
131.920
132.340
132.780
133.220
133.640
134.070
134.480
134.890
135.280
135.710
136.170
136.640
137.080
137.560
138.020
138.480
138.920
139.410
139.880
140.330
140.800
141.290
141.760
142.170
142.600
143.040
143.480
143.890
144.320
144.740
145.160
145.580
146.030
146.460
146.870
147.300
147.690
148.110
148.510
148.920
149.350
149.800
150.230
150.660
151.070
151.520
151.940
152.360
152.810
153.220
153.640
154.080
154.490
154.890
155.290
155.720
156.130
156.520
156.930
157.340
157.770
158.200
158.610
159.040
159.450
159.880
160.300
160.710
161.140
161.540
161.960
162.380
162.800
163.220
