0.130
0.550
0.950
1.350
1.770
2.140
2.550
2.930
3.320
3.720
4.090
4.490
4.870
5.260
5.660
6.030
6.420
6.790
7.170
7.530
7.890
8.260
8.630
9.020
9.370
9.740
10.110
10.460
10.830
11.200
11.570
11.950
12.350
12.730
13.110
13.480
13.870
14.230
14.620
15.000
15.380
15.750
16.130
16.510
16.900
17.270
17.650
18.030
18.420
18.800
19.190
19.560
19.950
20.330
20.690
21.080
21.460
21.830
22.200
22.580
22.980
23.350
23.730
24.100
24.490
24.870
25.260
25.630
26.000
26.380
26.750
27.130
27.500
27.890
28.260
28.630
29.010
29.400
29.780
30.160
30.550
30.920
31.290
31.680
32.050
32.430
32.820
33.210
33.570
33.970
34.340
34.710
35.080
35.470
35.850
36.220
36.600
37.000
37.370
37.750
38.140
38.530
38.910
39.290
39.670
40.040
40.440
40.810
41.180
41.560
41.940
42.320
42.700
43.090
43.480
43.860
44.220
44.600
44.980
45.380
45.760
46.150
46.530
46.910
47.280
47.660
48.030
48.410
48.810
49.180
49.550
49.950
50.330
50.710
51.080
51.460
51.850
52.230
52.590
52.980
53.370
53.730
54.110
54.500
54.870
55.270
55.650
56.010
56.410
56.790
57.160
57.540
57.950
58.320
58.690
59.080
59.450
59.840
60.210
60.590
60.980
61.360
61.730
62.120
62.510
62.890
63.260
63.650
64.010
64.400
64.760
65.140
65.520
65.900
66.290
66.660
67.040
67.440
67.810
68.190
68.570
68.960
69.330
69.710
70.080
70.480
70.850
71.230
71.600
71.980
72.360
72.750
73.130
73.530
73.920
74.300
74.680
75.080
75.450
75.840
76.210
76.610
76.980
77.360
77.750
78.130
78.510
78.870
79.260
79.660
80.050
80.450
80.820
81.210
81.590
81.980
82.340
82.750
83.130
83.530
83.920
84.310
84.680
85.070
85.460
85.870
86.230
86.610
86.990
87.390
87.750
88.140
88.520
88.910
89.290
89.660
90.050
90.410
90.800
91.170
91.550
91.940
92.320
92.670
93.060
93.440
93.820
94.190
94.580
94.970
95.350
95.710
96.100
96.480
96.860
97.230
97.610
98.010
98.380
98.750
99.120
99.490
99.880
100.260
100.630
101.020
101.390
101.760
102.150
102.530
102.910
103.280
103.660
104.060
104.440
104.810
105.200
105.560
105.960
106.320
106.700
107.090
107.470
107.860
108.210
108.580
108.960
109.350
109.720
110.110
110.490
110.860
111.250
111.640
112.010
112.400
112.760
113.150
113.510
113.870
114.240
114.610
114.980
115.330
115.700
116.070
116.430
116.780
117.140
117.530
117.880
118.240
118.600
118.970
119.320
119.690
120.060
120.430
120.790
121.170
121.530
121.900
122.260
122.610
122.960
123.320
123.690
124.050
124.400
124.770
125.120
125.490
125.840
126.210
126.580
126.910
127.270
127.640
127.990
128.350
128.710
129.080
129.430
129.780
130.130
130.490
130.840
131.200
131.560
131.920
132.260
132.620
132.980
133.340
133.690
134.040
134.390
134.760
135.120
135.470
135.830
136.190
136.550
136.910
137.270
137.640
138.010
138.350
138.720
139.100
139.480
139.840
140.210
140.590
140.960
141.320
141.710
142.090
142.450
142.840
143.220
143.610
143.990
144.350
144.730
145.110
145.490
145.890
146.250
146.650
147.010
147.370
147.740
148.130
148.500
148.870
149.230
149.630
150.000
150.370
150.750
151.140
151.510
151.850
152.210
152.600
152.970
153.330
153.690
154.080
154.430
154.810
155.160
155.530
155.900
156.250
156.600
156.980
157.340
157.690
158.060
158.440
158.800
159.150
159.510
159.880
160.240
160.600
160.970
161.310
161.690
162.040
162.420
162.800
163.190
163.560
163.940
164.290
164.680
165.040
165.400
165.790
166.170
166.550
166.910
167.280
167.650
168.020
168.390
168.790
169.150
169.540
169.920
170.290
170.670
171.050
171.400
171.780
172.160
172.530
172.900
173.250
173.640
173.990
174.360
174.740
175.110
175.470
175.840
176.210
176.570
176.940
177.310
177.690
178.060
178.430
178.790
179.150
179.540
179.890
180.270
180.650
181.030
181.390
181.760
182.150
182.520
182.890
183.250
183.620
183.990
184.340
184.690
185.050
185.410
185.770
186.130
186.490
186.860
187.210
187.570
187.930
188.270
188.630
188.980
189.330
189.680
190.040
190.410
190.770
191.120
191.480
191.830
192.190
192.540
192.890
193.250
193.600
193.960
194.310
194.660
195.010
195.380
195.720
196.070
196.420
196.770
197.130
197.470
197.820
198.170
198.530
198.880
199.240
199.590
199.940
200.290
200.660
201.010
201.370
201.720
202.080
202.430
202.790
203.140
203.490
203.830
204.190
204.540
204.900
205.250
205.610
205.960
206.310
206.680
207.030
207.370
207.720
208.080
208.430
208.760
209.060
209.370
209.680
209.990
210.300
210.620
210.930
211.240
211.540
211.850
212.160
212.480
212.780
