0.110
0.840
1.540
2.260
2.950
3.620
4.360
5.000
5.660
6.270
6.940
7.500
8.020
8.520
9.030
9.580
10.080
10.610
11.130
11.660
12.180
12.690
13.200
13.730
14.240
14.770
15.280
15.790
16.320
16.830
17.350
17.880
18.390
18.930
19.440
19.970
20.480
21.010
21.530
22.060
22.580
23.110
23.640
24.190
24.990
25.820
26.650
27.470
28.290
29.090
29.910
30.710
31.530
32.340
33.160
33.960
34.780
35.580
36.370
37.210
37.990
38.810
39.600
40.400
41.230
42.020
42.700
43.370
43.910
44.460
44.990
45.500
46.010
46.560
47.090
47.600
48.140
48.670
49.190
49.710
50.240
50.750
51.280
51.810
52.340
52.850
53.370
53.890
54.420
54.940
55.460
55.980
56.510
57.040
57.560
58.070
58.600
59.110
59.630
60.150
60.680
61.210
61.730
62.180
62.580
63.010
63.410
63.820
64.230
64.650
65.060
65.470
65.880
66.300
66.700
67.120
67.510
67.920
68.330
68.760
69.150
69.560
69.970
70.400
70.790
71.200
71.610
72.040
72.440
72.850
73.260
73.670
74.060
74.470
74.870
75.280
75.680
76.060
76.490
76.890
77.290
77.700
78.110
78.530
78.940
79.350
79.750
80.200
80.620
81.060
81.480
81.930
82.430
82.940
83.440
83.950
84.480
85.010
85.540
86.070
86.600
87.130
87.650
88.170
88.690
89.200
89.730
90.260
90.770
91.290
91.840
92.360
92.880
93.410
93.930
94.440
94.960
95.480
96.000
96.540
97.070
97.600
98.120
98.630
99.170
99.690
100.140
100.540
100.950
101.350
101.780
102.180
102.600
103.010
103.450
103.850
104.290
104.680
105.090
105.490
105.890
106.300
106.740
107.140
107.570
107.980
108.400
108.810
109.210
109.630
110.050
110.440
110.870
111.250
111.660
112.050
112.460
112.870
113.280
113.690
114.110
114.510
114.940
115.340
115.760
116.160
116.570
116.970
117.400
117.790
118.260
118.720
119.170
119.640
120.110
120.620
121.110
121.630
122.120
122.670
123.170
123.710
124.230
124.750
125.270
125.800
126.330
126.850
127.380
127.890
128.410
128.930
129.460
129.990
130.500
131.020
131.530
132.040
132.570
133.090
133.610
134.130
134.650
135.160
135.670
136.180
136.710
137.240
137.770
138.290
138.810
139.340
139.860
140.380
140.910
141.440
141.950
142.480
143.000
143.510
144.030
144.550
145.090
145.630
146.140
146.660
147.180
147.700
148.220
148.730
149.260
149.790
150.310
150.820
151.330
151.860
152.380
152.930
153.450
153.980
154.500
155.020
155.540
156.060
156.580
157.120
157.630
158.160
158.690
159.220
159.740
160.290
160.810
161.330
161.840
162.370
162.900
163.410
163.930
164.450
164.970
165.490
166.010
166.530
167.060
167.580
168.100
168.600
169.130
169.640
170.150
170.660
171.190
171.700
172.220
172.740
173.270
173.770
174.300
174.830
175.350
175.870
176.380
176.910
177.430
177.940
178.450
179.010
179.530
180.090
180.660
181.250
181.820
182.360
182.960
183.520
184.100
184.590
185.100
185.630
186.110
186.620
187.140
187.650
188.170
188.690
189.170
189.710
190.240
190.760
191.260
191.750
192.220
192.680
193.150
193.620
