0.100
0.770
1.430
2.100
2.780
3.460
4.130
4.800
5.470
6.130
6.800
7.440
8.100
8.770
9.460
10.150
10.820
11.490
12.200
12.850
13.540
14.200
14.870
15.540
16.220
16.860
17.520
18.200
18.880
19.540
20.200
20.880
21.530
22.180
22.850
23.510
24.200
24.900
25.560
26.200
26.900
27.570
28.250
28.880
29.580
30.260
30.950
31.620
32.290
32.950
33.600
34.270
34.940
35.580
36.260
36.900
37.560
38.220
38.900
39.570
40.260
40.940
41.610
42.280
42.950
43.620
44.290
44.970
45.630
46.300
46.980
47.660
48.330
49.000
49.720
50.410
51.070
51.790
52.450
