0.620
1.270
1.890
2.500
3.150
3.740
4.390
4.980
5.640
6.240
6.900
7.500
8.130
8.790
9.370
9.890
10.470
10.960
11.490
12.010
12.540
13.060
13.580
14.130
14.660
15.170
15.720
16.250
16.780
17.320
17.840
18.370
18.910
19.450
19.990
20.550
21.110
21.640
22.170
22.710
23.270
23.810
24.350
24.870
25.410
25.950
26.480
27.020
27.560
28.090
28.640
29.180
29.720
30.260
30.810
31.350
31.880
32.410
32.950
33.500
34.040
34.580
35.120
35.660
36.190
36.740
37.280
37.830
38.360
38.880
39.420
39.950
40.490
41.030
41.570
42.100
42.630
43.160
43.700
44.250
44.790
45.330
45.870
46.390
46.930
47.490
48.040
48.600
49.130
49.700
50.240
50.790
51.300
51.860
52.410
52.950
53.500
54.040
54.570
55.120
55.650
56.200
56.750
57.290
57.830
58.380
58.930
59.480
60.020
60.580
61.110
61.650
62.190
62.740
63.280
63.820
64.350
64.900
65.460
65.990
66.530
67.070
67.620
68.160
68.700
69.260
69.820
70.380
70.910
71.450
71.990
72.550
73.090
73.630
74.170
74.720
75.270
75.810
76.350
76.890
77.440
77.990
78.530
79.070
79.610
80.160
80.720
81.270
81.810
82.350
82.880
83.430
83.990
84.530
85.070
85.600
86.140
86.720
87.240
87.810
88.340
88.880
89.410
89.920
90.460
91.010
91.550
92.110
92.650
93.190
93.760
94.300
94.860
95.400
95.950
96.500
97.070
97.610
98.170
98.720
99.270
99.810
100.360
100.910
101.450
102.000
102.520
103.040
103.600
104.130
104.660
105.210
105.770
106.330
106.890
107.440
107.980
108.540
109.110
109.650
110.190
110.740
111.290
111.840
112.380
112.910
113.460
114.010
114.560
115.110
115.670
116.220
116.780
117.320
117.870
118.420
118.970
119.510
120.050
120.590
121.140
121.700
122.240
122.800
123.340
123.890
124.450
124.990
125.530
126.080
126.640
127.210
127.770
128.320
128.860
129.410
129.960
130.520
131.070
131.620
132.170
132.720
133.260
133.830
134.410
134.950
135.500
136.040
136.570
137.130
137.680
138.240
138.830
139.390
139.930
140.510
141.070
141.620
142.150
142.730
143.300
143.830
144.390
144.940
145.500
146.040
146.580
147.140
147.710
148.250
148.790
149.350
149.880
150.430
150.930
151.480
152.020
152.580
153.130
153.690
154.240
154.790
155.350
155.910
156.470
157.020
157.580
158.130
158.690
159.240
159.810
160.360
160.920
161.470
162.030
162.580
163.120
163.690
164.250
164.810
165.360
165.920
166.470
167.030
167.580
168.140
168.710
169.260
169.800
170.350
170.910
171.470
172.020
172.580
173.140
173.700
174.270
174.840
175.400
175.960
176.510
177.080
177.650
178.200
178.760
179.310
179.870
180.430
181.000
181.570
182.100
182.650
183.200
183.760
184.330
184.880
185.430
185.980
186.520
187.070
187.640
188.190
188.740
189.300
189.850
190.380
190.930
191.480
192.040
192.600
193.150
193.710
194.260
194.820
195.360
195.920
196.460
197.020
197.560
198.120
198.670
199.210
199.750
200.290
200.830
201.380
201.930
202.480
203.040
203.590
204.150
204.700
205.240
205.790
206.340
206.880
207.430
207.990
208.530
209.080
209.610
210.170
210.710
211.270
211.830
212.360
212.830
213.310
213.810
214.270
214.750
215.250
215.730
216.190
