0.420
0.870
1.360
1.830
2.280
2.750
3.240
3.710
4.170
4.630
5.120
5.590
6.040
6.530
7.000
7.470
7.900
8.360
8.820
9.260
9.700
10.150
10.630
11.110
11.560
12.040
12.500
12.980
13.470
13.940
14.400
14.870
15.340
15.800
16.280
16.750
17.230
17.700
18.160
18.640
19.090
19.570
20.040
20.510
20.990
21.520
22.030
22.510
23.050
23.540
24.050
24.550
25.070
25.600
26.080
26.590
27.100
27.630
28.140
28.660
29.160
29.660
30.160
30.680
31.150
31.670
32.200
32.720
33.230
33.770
34.280
34.810
35.360
35.880
36.380
36.920
37.420
37.940
38.490
39.000
39.510
40.030
40.520
41.030
41.590
42.100
42.650
43.150
43.660
44.180
44.710
45.270
45.800
46.310
46.830
47.380
47.910
48.430
48.980
49.490
50.010
50.510
50.980
51.500
52.070
52.610
53.100
53.600
54.110
54.620
55.150
55.690
56.210
56.690
57.200
57.730
58.220
58.720
59.220
59.740
60.220
60.760
61.250
61.780
62.280
62.780
63.310
63.810
64.300
64.800
65.260
65.750
66.220
66.720
67.200
67.700
68.180
68.680
69.170
69.660
70.120
70.560
71.040
71.490
71.940
72.420
72.860
73.350
73.820
74.310
74.820
75.310
75.800
76.270
76.750
77.280
77.790
78.320
78.850
79.370
79.910
80.430
80.970
81.490
82.030
82.550
83.040
83.560
84.110
84.600
85.120
85.670
86.170
86.660
87.180
87.730
88.230
88.770
89.280
89.780
90.310
90.850
91.380
91.950
92.480
92.980
93.490
94.020
94.520
95.030
95.560
96.080
96.580
97.110
97.610
98.130
98.640
99.150
99.690
100.220
100.750
101.280
101.820
102.320
102.840
103.370
103.870
104.410
104.930
105.450
105.960
106.480
106.990
107.490
108.030
108.550
109.080
109.580
110.100
110.630
111.170
111.680
112.190
112.700
113.220
113.750
114.270
114.780
115.270
115.770
116.290
116.820
117.300
117.840
118.330
118.860
119.360
119.860
120.340
120.840
121.320
121.780
122.270
122.750
123.260
123.740
124.240
124.710
125.210
125.710
126.230
126.720
127.180
127.670
128.160
128.620
129.100
129.640
130.130
130.660
131.170
131.670
132.160
132.680
133.200
133.690
134.220
134.710
135.230
135.740
136.250
136.770
137.290
137.780
138.300
138.820
139.320
139.850
140.350
140.870
141.360
141.870
142.380
142.900
143.410
143.920
144.440
144.950
145.460
145.960
146.470
146.970
147.490
148.020
148.510
149.020
149.510
150.020
150.480
151.000
151.460
151.950
152.490
152.980
153.500
154.030
154.530
155.050
155.580
156.090
156.600
157.130
157.670
158.190
158.720
159.230
159.750
160.270
160.780
161.300
161.840
162.330
162.870
163.370
163.870
164.380
164.900
165.410
165.940
166.460
166.990
167.490
168.030
168.540
169.050
169.550
170.040
170.550
171.060
171.590
172.070
172.610
173.100
173.610
174.170
174.700
175.210
175.730
176.280
176.820
177.350
177.890
178.410
178.950
179.490
180.040
180.590
181.110
181.650
182.190
182.700
183.230
183.750
184.310
184.840
185.360
185.860
186.380
186.920
187.450
187.970
188.510
189.050
189.550
190.070
190.600
191.130
191.610
192.150
192.650
193.140
193.680
194.170
194.690
195.210
195.740
196.240
196.750
197.220
197.730
198.200
198.700
199.200
199.690
200.190
200.700
201.170
201.680
202.220
202.740
203.260
203.750
204.300
204.790
205.290
205.760
206.250
206.760
207.250
207.730
208.190
208.680
209.160
209.630
210.120
210.600
211.070
211.550
212.030
212.510
213.000
213.470
213.960
214.450
214.920
215.390
215.890
216.360
216.840
217.330
217.790
218.290
218.780
219.270
219.750
220.300
220.830
221.350
221.870
222.390
222.970
223.600
224.270
224.910
225.540
226.180
226.820
227.470
228.110
228.750
229.390
230.000
230.670
231.280
231.940
232.580
233.230
233.840
234.510
