0.380
0.790
1.230
1.630
2.030
2.420
2.830
3.220
3.620
4.040
4.420
4.840
5.240
5.650
6.040
6.470
6.860
7.270
7.650
8.080
8.480
8.900
9.290
9.700
10.110
10.520
10.930
11.330
11.720
12.090
12.480
12.870
13.290
13.690
14.090
14.470
14.870
15.270
15.690
16.070
16.470
16.880
17.270
17.640
18.030
18.440
18.830
19.240
19.640
20.040
20.410
20.810
21.200
21.580
21.970
22.360
22.750
23.160
23.550
23.960
24.370
24.770
25.150
25.530
25.930
26.330
26.730
27.150
27.550
27.940
28.350
28.740
29.130
29.510
29.900
30.320
30.710
31.120
31.510
31.910
32.290
32.700
33.090
33.490
33.880
34.300
34.710
35.130
35.510
35.910
36.320
36.730
37.120
37.510
37.910
38.320
38.730
39.130
39.510
39.930
40.320
40.740
41.140
41.550
41.970
42.370
42.750
43.150
43.550
43.960
44.350
44.770
45.170
45.570
45.940
46.340
46.730
47.130
47.510
47.900
48.290
48.690
49.070
49.480
49.870
50.290
50.680
51.070
51.480
51.870
52.250
52.660
53.030
53.430
53.810
54.210
54.600
55.000
55.370
55.770
56.160
56.570
56.950
57.340
57.750
58.120
58.530
58.910
59.330
59.710
60.100
60.510
60.900
61.290
61.670
62.060
62.440
62.860
63.250
63.660
64.050
64.460
64.830
65.230
65.630
66.010
66.410
66.810
67.220
67.610
68.000
68.390
68.790
69.190
69.580
69.990
70.370
70.750
71.110
71.490
71.890
72.270
72.670
73.090
73.480
73.870
74.250
74.640
75.040
75.440
75.820
76.230
76.610
77.010
77.400
77.800
78.180
78.570
78.960
79.370
79.760
80.140
80.530
80.930
81.300
81.690
82.080
82.470
82.870
83.250
83.640
84.040
84.430
84.820
85.200
85.610
86.000
86.400
86.810
87.190
87.580
87.960
88.370
88.770
89.170
89.560
89.950
90.350
90.770
91.150
91.540
91.940
92.340
92.730
93.120
93.510
93.890
94.280
94.660
95.060
95.450
95.870
96.260
96.670
97.060
97.470
97.860
98.260
98.670
99.060
99.450
99.860
100.260
100.670
101.050
101.460
101.850
102.260
102.650
103.060
103.450
103.870
104.250
104.670
105.050
105.450
105.850
106.230
106.630
107.020
107.390
107.800
108.170
108.560
108.960
109.360
109.760
110.170
110.550
110.950
111.360
111.740
112.140
112.540
112.930
113.320
113.710
114.090
114.470
114.860
115.250
115.660
116.050
116.440
116.830
117.240
117.630
118.010
118.400
118.800
119.180
119.590
119.960
120.370
120.750
121.150
121.510
121.900
122.280
122.660
123.030
123.440
123.820
124.220
124.600
125.000
125.390
125.760
126.150
126.540
126.930
127.320
127.710
128.110
128.490
128.890
129.280
129.670
130.070
130.450
130.850
131.220
131.620
132.000
132.390
132.770
133.160
133.540
133.920
134.310
134.700
135.090
135.470
135.830
136.220
136.600
136.980
137.360
137.750
138.130
138.530
138.910
139.300
139.690
140.070
140.490
140.870
141.290
141.670
142.040
142.420
142.820
143.190
143.570
143.970
144.370
144.740
145.140
145.510
145.890
146.280
146.670
147.060
147.470
147.880
148.280
148.660
149.070
149.440
149.840
150.210
150.600
150.990
151.390
151.780
152.150
152.540
152.950
153.340
153.720
154.100
154.490
154.880
155.280
155.680
156.060
156.440
156.830
157.240
157.620
158.010
158.410
158.800
159.200
159.600
160.000
160.380
160.770
161.160
161.570
161.970
162.380
162.770
163.160
163.560
163.970
164.340
164.720
165.100
165.470
165.860
166.250
166.640
167.030
167.400
167.790
168.180
168.590
168.960
169.370
169.740
170.150
170.530
170.920
171.320
171.690
172.080
172.470
172.860
173.260
173.630
174.020
174.400
174.810
175.180
175.590
175.960
176.370
176.760
177.130
177.540
177.920
178.310
178.700
179.080
179.490
179.860
180.260
180.620
181.010
181.390
181.760
182.150
182.560
182.930
183.330
183.710
184.100
184.500
184.890
185.260
185.660
186.030
186.410
186.780
187.170
187.560
187.970
188.340
188.730
189.120
189.530
189.920
190.310
190.700
191.080
191.470
191.860
192.240
192.640
193.020
193.410
193.800
194.200
194.580
194.990
195.360
195.770
196.150
196.530
196.940
197.330
197.710
198.100
198.480
198.840
199.220
199.610
200.000
200.400
200.780
201.180
201.570
201.940
202.330
202.710
203.090
203.480
203.850
204.230
204.610
204.990
205.360
205.760
206.150
206.540
206.930
207.320
207.700
208.090
208.470
208.850
209.240
209.620
210.010
210.380
210.770
211.150
211.530
211.900
212.310
212.690
213.060
213.440
213.820
214.210
214.580
214.960
215.340
215.740
216.110
216.490
216.860
217.240
217.620
218.000
218.390
218.770
219.140
219.540
219.920
220.310
220.680
221.070
221.450
221.830
222.220
222.590
222.910
223.230
223.550
223.870
224.180
224.500
224.820
225.140
225.460
225.780
226.110
226.430
226.740
227.070
227.390
227.700
228.020
228.350
