0.420
0.830
1.210
1.560
1.910
2.240
2.600
2.940
3.290
3.660
4.000
4.350
4.710
5.060
5.410
5.750
6.080
6.440
6.780
7.120
7.450
7.820
8.170
8.510
8.860
9.220
9.550
9.910
10.250
10.580
10.940
11.270
11.610
11.950
12.290
12.620
12.970
13.320
13.650
13.970
14.300
14.640
14.980
15.340
15.690
16.040
16.360
16.710
17.060
17.400
17.730
18.070
18.420
18.750
19.090
19.430
19.750
20.100
20.430
20.750
21.090
21.450
21.770
22.120
22.470
22.790
23.140
23.490
23.830
24.170
24.490
24.820
25.150
25.500
25.840
26.180
26.500
26.840
27.180
27.540
27.870
28.200
28.530
28.860
29.190
29.520
29.840
30.170
30.500
30.830
31.160
31.510
31.840
32.190
32.540
32.870
33.200
33.560
33.880
34.230
34.570
34.900
35.260
35.730
36.210
36.710
37.190
37.670
38.120
38.590
39.060
39.530
40.000
40.490
40.940
41.410
41.860
42.310
42.770
43.240
43.700
44.170
44.630
45.100
45.580
46.030
46.480
46.950
47.420
47.900
48.360
48.830
49.270
49.710
50.170
50.640
51.090
51.550
52.010
52.470
52.910
53.380
53.810
54.270
54.730
55.200
55.650
56.130
56.610
56.930
57.270
57.610
57.970
58.290
58.650
58.980
59.330
59.680
60.040
60.360
60.690
61.030
61.350
61.690
62.030
62.360
62.670
62.990
63.310
63.640
63.960
64.270
64.600
64.930
65.250
65.570
65.900
66.230
66.570
66.910
67.230
67.570
67.900
68.210
68.540
68.860
69.170
69.500
69.810
70.140
70.490
70.820
71.130
71.460
71.810
72.120
72.460
72.770
73.090
73.420
73.730
74.060
74.380
74.700
75.010
75.340
75.650
75.970
76.300
76.640
76.970
77.300
77.630
77.940
78.260
78.570
78.890
79.200
79.520
79.840
80.160
80.490
80.800
81.150
81.500
81.830
82.180
82.520
82.850
83.180
83.540
83.860
84.210
84.560
84.880
85.240
85.720
86.200
86.700
87.170
87.650
88.110
88.580
89.040
89.520
89.980
90.470
90.920
91.400
91.850
92.290
92.740
93.230
93.680
94.160
94.620
95.090
95.530
96.010
96.460
96.940
97.410
97.880
98.340
98.810
99.250
99.690
100.150
100.620
101.080
101.530
101.990
102.450
102.890
103.360
103.790
104.250
104.710
105.180
105.630
106.110
106.570
106.910
107.230
107.580
107.940
108.270
108.630
108.990
109.310
109.660
110.010
110.330
110.670
111.010
111.330
111.670
112.010
112.340
112.650
112.980
113.310
113.620
113.940
114.260
114.590
114.910
115.230
115.550
115.880
116.210
116.550
116.890
117.210
117.550
117.880
118.190
118.520
118.840
119.150
119.480
119.790
120.120
120.470
120.800
121.110
121.440
121.790
122.100
122.430
122.750
123.070
123.400
123.710
124.030
124.360
124.680
124.990
125.320
125.640
125.960
126.270
126.620
126.950
127.280
127.600
127.920
128.240
128.560
128.870
129.180
129.500
129.810
130.140
130.470
130.780
131.120
131.450
131.810
132.140
132.470
132.800
133.130
133.460
133.770
134.100
134.450
134.760
135.100
135.430
135.740
136.070
136.380
136.680
137.000
137.300
137.620
137.920
138.230
138.540
138.850
139.170
139.480
139.790
140.090
140.410
140.710
141.030
141.340
141.640
141.950
142.280
142.600
142.910
143.240
143.550
143.870
144.190
144.510
144.830
145.150
145.480
