0.370
0.760
1.150
1.540
1.910
2.310
2.710
3.090
3.480
3.860
4.240
4.630
5.020
5.400
5.790
6.170
6.560
6.950
7.330
7.710
8.100
8.480
8.860
9.250
9.630
10.000
10.380
10.760
11.170
11.550
11.920
12.320
12.690
13.060
13.460
13.860
14.240
14.640
15.010
15.420
15.800
16.200
16.590
16.980
17.340
17.720
18.120
18.510
18.890
19.290
19.680
20.050
20.450
20.830
21.210
21.580
21.950
22.340
22.730
23.120
23.500
23.900
24.270
24.660
25.050
25.440
25.850
26.220
26.620
27.020
27.400
27.770
28.150
28.550
28.930
29.330
29.690
30.080
30.470
30.820
31.200
31.580
31.950
32.300
32.690
33.080
33.440
33.830
34.210
34.580
34.960
35.340
35.730
36.120
36.500
36.870
37.250
37.620
38.000
38.370
38.750
39.140
39.510
39.880
40.280
40.660
41.030
41.420
41.790
42.180
42.540
42.920
43.320
43.680
44.060
44.470
44.860
45.230
45.620
46.050
46.460
46.850
47.310
47.730
48.220
48.690
49.140
49.630
