0.200
1.040
1.880
2.700
3.520
4.350
5.180
5.990
6.830
7.640
8.460
9.270
10.080
10.900
11.740
12.600
13.430
14.260
15.040
15.800
16.630
17.390
18.170
18.940
19.750
20.530
21.320
22.080
22.880
23.660
24.480
25.300
26.100
26.890
27.690
28.460
29.270
30.020
30.840
31.620
32.440
33.220
34.010
34.820
35.640
36.410
37.210
38.040
38.890
39.710
40.580
41.380
42.220
43.060
43.880
44.700
45.530
46.360
47.160
47.940
48.780
49.560
50.390
51.240
52.070
52.920
53.720
54.490
55.280
56.080
56.900
57.700
58.540
59.360
60.180
60.980
61.810
62.640
63.420
64.270
65.100
65.940
66.770
67.590
68.390
69.250
70.080
70.910
71.750
72.590
73.450
74.300
75.130
75.950
76.810
77.660
78.490
78.980
79.400
79.840
80.240
80.660
81.090
81.510
81.930
82.360
82.760
83.170
83.590
84.020
84.420
84.850
85.270
85.680
86.100
86.520
86.930
87.350
87.760
88.170
88.590
89.010
89.420
89.840
90.250
90.670
91.060
91.470
91.880
92.320
92.730
93.160
93.560
93.990
94.420
94.830
95.240
95.660
96.080
96.500
96.900
97.330
97.740
98.160
98.580
99.000
99.420
99.830
100.250
100.670
101.070
101.480
101.890
102.320
102.730
103.150
103.570
104.010
104.420
104.830
105.260
105.710
106.140
106.550
106.990
107.420
107.860
108.270
108.710
109.160
109.610
110.050
110.480
110.940
111.410
111.870
112.320
112.740
113.160
113.590
113.990
114.440
114.860
115.280
115.720
116.170
116.610
117.030
117.480
117.920
118.340
118.780
119.200
119.650
120.080
120.490
120.930
121.360
121.790
122.220
122.660
123.090
123.510
123.930
124.360
124.790
125.230
125.670
126.080
126.510
126.950
127.380
127.810
128.220
128.650
129.070
129.510
129.950
130.360
130.790
131.220
131.670
132.100
132.510
132.960
133.370
133.800
134.250
134.680
135.120
135.550
135.980
136.420
136.860
137.300
137.730
138.160
138.580
139.020
139.460
139.870
140.300
140.730
141.150
141.570
141.990
142.430
142.850
143.290
143.730
144.150
144.600
145.020
145.450
145.890
146.320
146.750
147.200
147.650
148.100
148.540
149.000
149.440
149.870
150.320
150.770
151.210
151.660
152.090
152.550
152.980
153.420
153.850
154.310
154.760
155.210
155.640
156.080
156.520
156.950
157.390
157.840
158.280
158.740
159.170
159.640
160.080
160.520
160.960
161.410
161.860
162.270
162.710
163.140
163.580
164.010
164.450
164.910
165.330
165.750
166.210
166.640
167.080
167.510
167.960
168.390
168.830
169.240
169.680
170.110
170.530
170.960
171.410
171.840
172.270
172.690
173.130
173.590
174.040
174.460
174.920
175.360
175.780
176.220
176.650
177.100
177.530
177.940
178.380
178.840
179.250
179.680
180.130
180.560
180.990
181.400
181.830
182.260
182.710
183.140
183.570
184.010
184.440
184.880
185.300
185.730
186.160
186.580
187.020
187.450
187.880
188.280
188.700
189.130
189.580
190.010
190.450
190.900
191.340
191.760
192.200
192.650
193.080
193.520
193.960
194.410
194.830
195.280
195.710
196.150
196.590
197.030
197.440
197.890
198.330
198.770
199.190
199.630
200.060
200.490
200.920
201.350
201.780
202.190
202.600
203.030
203.490
203.910
204.350
204.800
205.240
205.670
206.110
206.550
207.000
207.430
207.860
208.310
208.740
209.180
209.620
210.070
210.510
210.930
211.350
211.790
212.220
212.640
213.090
213.530
213.970
214.410
214.830
215.250
215.690
216.100
216.510
216.940
217.400
217.830
218.260
218.700
219.150
219.600
220.030
220.470
220.910
221.380
221.810
222.220
222.660
223.070
223.500
223.930
224.380
224.810
225.240
225.680
226.140
226.590
227.030
227.500
227.930
228.360
228.810
229.240
229.690
230.140
230.600
231.070
231.520
231.950
232.400
232.880
233.340
233.780
234.260
234.770
235.240
235.730
236.340
236.990
237.580
238.200
238.830
239.490
240.140
240.750
241.420
242.030
242.670
