0.060
0.370
0.680
1.000
1.300
1.610
1.930
2.240
2.550
2.870
3.190
3.530
3.850
4.180
4.530
4.860
5.190
5.530
5.870
6.220
6.560
6.910
7.240
7.590
7.920
8.280
8.620
8.980
9.300
9.650
10.010
10.370
10.720
11.070
11.420
11.750
12.120
12.480
12.830
13.190
13.570
13.910
14.270
14.620
14.980
15.320
15.670
16.030
16.370
16.740
17.080
17.440
17.800
18.140
18.500
18.860
19.200
19.560
19.890
20.260
20.600
20.960
21.300
21.680
22.020
22.400
22.750
23.110
23.460
23.820
24.200
24.540
24.920
25.300
25.650
26.040
26.390
26.740
27.080
27.430
27.800
28.140
28.510
28.880
29.210
29.560
29.930
30.270
30.650
31.000
31.370
31.710
32.080
32.450
32.810
33.150
33.520
33.890
34.240
34.600
34.980
35.340
35.720
36.100
36.470
36.810
37.140
37.460
37.770
38.090
38.410
38.740
39.060
39.370
39.700
40.020
40.340
