0.440
1.210
1.940
2.640
3.360
4.130
4.860
5.570
6.300
7.080
7.840
8.560
9.300
10.030
10.780
11.480
12.210
12.920
13.660
14.360
15.120
15.830
16.570
17.270
18.010
18.760
19.470
20.220
20.940
21.680
22.430
23.160
23.890
24.670
25.390
26.120
26.870
27.590
28.320
29.030
29.710
30.460
31.180
31.920
32.670
33.410
34.160
34.870
35.590
36.340
37.060
37.770
38.510
39.240
39.940
40.670
41.370
42.130
42.860
43.590
44.320
45.070
45.800
46.520
47.250
47.990
48.710
49.420
50.150
50.870
51.580
52.290
52.990
53.740
54.470
55.180
55.910
56.640
57.350
58.060
58.770
59.510
60.210
60.910
61.630
62.340
63.050
63.730
64.410
65.150
65.870
66.600
67.340
68.090
68.820
69.540
70.240
71.000
71.710
72.420
73.140
73.870
74.580
75.300
75.970
76.710
77.420
78.160
78.880
79.610
80.320
81.040
81.770
82.490
83.220
83.950
84.730
85.460
86.250
86.980
87.710
88.410
89.120
89.830
90.540
91.320
92.060
92.760
93.480
94.220
94.940
95.660
96.390
97.130
97.840
98.560
99.290
100.000
100.710
101.410
102.110
102.860
103.590
104.300
105.040
105.770
106.500
107.220
107.920
108.670
109.400
110.100
110.820
111.560
112.270
112.960
113.630
114.370
115.100
115.820
116.600
117.330
118.040
118.780
119.490
120.250
120.940
121.640
122.370
123.100
123.800
124.510
125.240
125.960
126.690
127.410
128.140
128.860
129.580
130.300
131.030
131.750
132.470
133.190
133.910
134.630
135.350
136.050
136.770
137.500
138.210
138.910
139.630
140.350
141.070
141.760
142.460
143.220
143.920
144.660
145.360
146.100
146.820
147.550
148.260
148.990
149.710
150.460
151.170
151.900
152.630
153.350
154.080
154.810
155.500
156.220
156.940
157.660
158.370
159.070
159.780
160.520
161.250
161.950
162.670
163.390
164.100
164.790
165.500
166.280
167.010
167.750
168.470
169.220
169.950
170.660
171.390
172.120
172.860
173.560
174.280
175.010
175.720
176.440
177.160
177.890
178.620
179.330
180.040
180.770
181.480
182.210
182.930
183.680
184.390
185.090
185.810
186.550
187.250
187.960
188.690
189.430
190.140
190.850
191.560
192.270
192.990
193.690
194.410
195.120
195.840
196.530
197.230
197.930
198.620
199.310
200.020
200.720
201.430
202.140
202.840
203.540
204.250
204.990
205.700
206.480
207.240
208.040
208.750
209.480
210.260
211.000
211.700
212.510
213.320
214.080
214.900
215.650
216.440
217.230
