0.340
0.670
1.020
1.390
1.740
2.060
2.390
2.730
3.040
3.380
3.700
4.030
4.350
4.670
5.000
5.320
5.650
5.970
6.290
6.620
6.940
7.270
7.580
7.910
8.230
8.550
8.870
9.190
9.520
9.840
10.160
10.510
10.830
11.160
11.490
11.820
12.140
12.470
12.800
13.120
13.440
13.770
14.100
14.430
14.760
15.070
15.390
15.730
16.050
16.370
16.710
17.040
17.360
17.690
18.000
18.330
18.650
18.980
19.320
19.650
19.980
20.290
20.620
20.970
21.280
21.630
21.950
22.270
22.600
22.950
23.270
23.600
23.920
24.260
24.570
24.900
25.210
25.560
25.880
26.210
26.520
26.840
27.170
27.500
27.820
28.140
28.470
28.790
29.110
29.440
29.760
30.100
30.430
30.760
31.080
31.400
31.740
32.070
32.410
32.730
33.060
33.390
33.700
34.040
34.360
34.700
35.020
35.350
35.680
36.020
36.330
36.680
36.990
37.320
37.650
37.990
38.310
38.630
38.960
39.290
39.610
39.960
40.310
40.640
40.950
41.280
41.620
41.960
42.290
42.610
42.970
43.290
43.630
43.990
44.310
44.650
44.970
45.280
45.610
45.940
46.260
46.590
46.930
47.250
47.580
47.910
48.250
48.590
48.910
49.230
49.560
49.880
50.200
50.530
50.850
51.170
51.500
51.840
52.160
52.500
52.820
53.150
53.480
53.810
54.150
54.470
54.820
55.130
55.460
55.790
56.130
56.470
56.790
57.120
57.460
57.770
58.110
58.450
58.770
59.130
59.470
59.800
60.120
60.440
60.770
61.100
61.430
61.770
62.100
62.440
62.760
63.080
63.410
63.740
64.070
64.410
64.730
65.060
65.380
65.710
66.040
66.370
66.700
67.040
67.360
67.680
68.010
68.330
68.650
68.980
69.310
69.660
69.990
70.320
70.650
70.960
71.310
71.620
71.970
72.280
72.610
72.950
73.280
73.610
73.930
74.260
74.590
74.910
75.240
75.560
75.890
76.210
76.540
76.880
77.210
77.540
77.860
78.200
78.520
78.870
79.180
79.510
79.830
80.160
80.480
80.820
81.140
81.460
81.790
82.120
82.470
82.800
83.130
83.460
83.790
84.120
84.430
84.760
85.120
85.450
85.790
86.130
86.440
86.760
87.080
87.410
87.720
88.060
88.370
88.700
89.020
89.350
89.670
89.980
90.330
90.650
90.970
91.290
91.600
91.930
92.250
92.560
92.880
93.200
93.520
93.860
94.180
94.510
94.840
95.160
95.490
95.820
96.150
96.480
96.810
97.140
97.460
97.790
98.110
98.420
98.760
99.080
99.420
99.740
100.060
100.410
100.730
101.060
101.380
101.700
102.030
102.350
102.670
103.000
103.340
103.650
103.970
104.300
104.620
104.970
105.290
105.620
105.970
106.310
106.650
106.970
107.300
107.630
107.970
108.290
108.610
108.940
109.260
109.590
109.910
110.250
110.570
110.900
111.230
111.560
111.880
112.220
112.550
112.870
113.200
113.520
113.850
114.190
114.520
114.850
115.180
115.520
115.840
116.180
116.510
116.850
117.170
117.520
117.850
118.190
118.520
118.840
119.180
119.510
119.850
120.180
120.510
120.820
121.160
121.490
121.830
122.190
122.510
122.850
123.180
123.510
123.860
124.170
124.500
124.840
125.170
125.510
125.830
126.170
126.490
126.830
127.150
127.470
127.820
128.160
128.490
128.830
129.160
129.490
129.820
130.150
130.470
130.810
131.130
131.460
131.790
132.140
132.460
132.810
133.140
133.470
133.800
134.120
134.470
134.780
135.110
135.440
135.770
136.100
136.430
136.780
137.090
137.420
137.770
138.100
138.430
138.780
139.110
139.450
139.780
140.100
140.450
140.800
141.120
141.470
141.780
142.120
142.460
142.790
143.110
143.450
143.760
144.090
144.420
144.750
145.080
145.410
145.750
146.080
146.420
146.730
147.060
147.410
147.730
148.040
148.360
148.690
149.020
149.360
149.690
150.010
150.340
150.670
150.990
151.310
151.640
151.980
152.310
152.650
152.960
153.290
153.640
153.950
154.300
154.640
154.970
155.290
155.620
155.960
156.280
156.610
156.950
157.280
157.610
157.940
158.260
158.590
158.940
159.270
159.600
159.920
160.260
160.620
160.940
161.270
161.580
161.900
162.220
162.540
162.870
163.190
163.500
163.800
164.080
164.380
164.660
164.950
165.240
165.530
165.820
166.110
166.410
166.700
166.980
167.270
167.560
167.860
168.150
168.430
168.730
169.020
169.300
169.600
169.890
170.170
170.470
170.750
171.050
171.370
171.680
172.010
172.320
172.640
172.970
173.290
173.600
173.930
174.250
174.560
174.890
175.210
