0.840
1.660
2.510
3.390
4.190
5.060
5.970
6.860
7.740
8.620
9.440
10.330
11.170
12.060
12.940
13.820
14.680
15.570
16.440
17.310
18.180
19.070
19.970
20.860
21.750
22.650
23.570
24.450
25.360
26.230
27.160
28.070
28.980
29.890
30.770
31.720
32.600
33.480
34.380
35.240
36.150
37.030
37.940
38.870
39.810
40.700
41.620
42.470
43.410
44.310
45.210
46.060
46.960
47.860
48.740
49.620
50.540
51.480
52.390
53.310
54.180
55.080
55.990
56.860
57.790
58.690
59.600
60.530
61.400
62.340
63.250
64.130
65.030
65.950
66.810
67.710
68.640
69.540
70.450
71.330
72.290
73.190
74.130
75.030
75.940
76.900
77.790
78.690
79.620
80.550
81.460
82.430
83.350
84.280
85.180
86.070
87.010
87.930
88.810
89.710
90.600
91.480
92.380
93.270
94.180
95.090
95.960
96.870
97.770
98.640
99.520
100.410
101.330
102.260
103.160
104.040
104.920
105.820
106.710
107.640
108.520
109.450
110.370
111.240
112.120
113.020
113.950
114.810
115.650
116.570
117.510
118.390
119.300
120.200
121.110
122.010
122.950
123.840
124.790
125.720
126.620
127.570
128.510
129.410
130.340
131.230
132.200
133.140
134.020
134.960
135.870
136.780
137.720
138.630
139.570
140.490
141.420
142.320
143.260
144.140
145.080
146.020
146.930
147.790
148.700
149.590
150.500
151.390
152.300
153.180
154.070
154.970
155.860
156.740
157.640
158.530
159.430
160.390
161.260
162.110
163.020
163.920
164.790
165.630
166.560
167.520
168.420
169.330
170.240
171.170
172.090
173.020
173.910
174.870
175.780
176.720
177.630
178.560
179.440
180.340
181.250
182.160
183.100
184.040
184.920
185.820
186.700
187.590
188.480
189.400
190.330
191.220
192.170
193.050
193.970
194.890
195.830
196.780
197.680
198.620
199.570
200.530
201.430
202.360
203.290
204.200
205.110
206.030
206.920
207.840
208.810
209.690
210.550
211.440
212.260
213.150
214.030
215.020
216.000
216.910
