0.400
0.830
1.300
1.750
2.180
2.630
3.080
3.550
4.000
4.450
4.900
5.350
5.800
6.240
6.690
7.140
7.580
8.030
8.500
8.940
9.400
9.860
10.320
10.770
11.240
11.690
12.140
12.600
13.050
13.490
13.940
14.410
14.860
15.340
15.780
16.250
16.710
17.190
17.640
18.130
18.570
19.050
19.490
19.960
20.420
20.890
21.350
21.820
22.280
22.760
23.230
23.700
24.170
24.640
25.110
25.580
26.050
26.540
27.000
27.470
27.940
28.400
28.850
29.320
29.800
30.270
30.750
31.210
31.680
32.130
32.600
33.070
33.540
34.010
34.480
34.930
35.400
35.860
36.330
36.810
37.270
37.730
38.210
38.670
39.140
39.600
40.070
40.540
41.000
41.480
41.930
42.410
42.870
43.360
43.820
44.300
44.760
45.210
45.690
46.150
46.620
47.090
47.550
48.010
48.470
48.950
49.410
49.890
50.370
50.830
51.300
51.770
52.230
52.700
53.160
53.620
54.070
54.530
55.030
55.500
55.990
56.440
56.930
57.390
57.860
58.310
58.770
59.250
59.690
60.170
60.620
61.090
61.560
62.040
62.490
62.960
63.420
63.900
64.350
64.830
65.300
65.780
66.220
66.700
67.160
67.630
68.090
68.570
69.020
69.500
69.960
70.400
70.870
71.330
71.800
72.280
72.730
73.200
73.670
74.150
74.610
75.080
75.540
76.020
76.470
76.950
77.410
77.880
78.350
78.820
79.300
79.770
80.210
80.680
81.130
81.600
82.050
82.520
82.990
83.470
83.930
84.410
84.860
85.340
85.810
86.300
86.760
87.230
87.700
88.180
88.630
89.110
89.580
90.050
90.510
90.980
91.450
91.920
92.390
92.870
93.320
93.800
94.240
94.710
95.160
95.630
96.080
96.560
97.020
97.490
97.950
98.420
98.890
99.360
99.820
100.290
100.760
101.230
101.690
102.150
102.610
103.050
103.500
103.980
104.430
104.920
105.360
105.830
106.280
106.760
107.220
107.690
108.160
108.630
109.090
109.560
110.040
110.500
110.980
111.460
111.910
112.380
112.850
113.310
113.780
114.270
114.710
115.180
115.630
116.110
116.560
117.040
117.500
117.980
118.430
118.900
119.360
119.820
120.280
120.740
121.190
121.660
122.120
122.590
123.060
123.530
123.990
124.460
124.930
125.400
125.830
126.300
126.750
127.220
127.680
128.160
128.620
129.100
129.570
130.040
130.510
130.990
131.440
131.910
132.360
132.850
133.300
133.780
134.240
134.730
135.190
135.670
136.130
136.610
137.080
137.550
138.000
138.470
138.930
139.400
139.870
140.350
140.810
141.290
141.760
142.230
142.690
143.170
143.650
144.120
144.580
145.050
145.520
145.980
146.460
146.930
147.370
147.830
148.290
148.740
149.190
149.640
150.070
150.520
150.990
151.440
151.870
152.320
