0.390
0.930
1.430
1.980
2.500
3.000
3.510
4.050
4.550
5.090
5.610
6.070
6.550
7.030
7.530
7.990
8.480
8.970
9.450
9.930
10.380
10.850
11.300
11.750
12.230
12.660
13.110
13.570
14.030
14.530
15.010
15.470
15.960
16.440
16.930
17.410
17.890
18.360
18.820
19.280
19.770
20.230
20.730
21.230
21.720
22.200
22.690
23.170
23.670
24.150
24.630
25.120
25.600
26.070
26.550
27.030
27.530
28.020
28.500
29.000
29.480
29.970
30.470
30.950
31.440
31.920
32.420
32.890
33.380
33.850
34.330
34.820
35.310
35.790
36.270
36.760
37.230
37.710
38.210
38.690
39.170
39.650
40.130
40.620
41.100
41.570
42.060
42.540
43.020
43.500
44.000
44.470
44.940
45.440
45.910
46.400
46.880
47.360
47.860
48.350
48.840
49.310
49.790
50.270
50.760
51.260
51.760
52.230
52.710
53.230
53.710
54.170
54.650
55.150
55.620
56.080
56.560
57.040
57.520
58.000
58.470
58.950
59.440
59.930
60.420
60.910
61.390
61.880
62.370
62.880
63.350
63.840
64.330
64.830
65.320
65.800
66.290
66.780
67.270
67.750
68.230
68.720
69.190
69.670
70.160
70.640
71.120
71.610
72.100
72.590
73.070
73.560
74.060
74.550
75.080
75.540
76.020
76.500
76.980
77.460
77.940
78.420
78.900
79.390
79.890
80.360
80.850
81.320
81.820
82.330
82.850
83.310
83.830
84.320
84.800
85.270
85.780
86.260
86.750
87.230
87.700
88.180
88.710
89.210
89.710
90.220
90.740
91.220
91.710
92.170
92.660
93.140
93.620
94.110
94.600
95.090
95.580
96.060
96.550
97.050
97.520
98.000
98.510
98.990
99.490
100.000
100.480
100.960
101.450
101.930
102.410
102.900
103.390
103.880
104.370
104.880
105.360
105.850
106.350
106.840
107.330
107.850
108.350
108.840
109.340
109.820
110.300
110.790
111.290
111.770
112.270
112.760
113.250
113.740
114.220
114.720
115.200
115.690
116.180
116.670
117.160
117.660
118.140
118.640
119.130
119.620
120.110
120.600
121.090
121.570
122.070
122.560
123.050
123.520
124.020
124.510
124.990
125.470
125.960
126.450
126.930
127.420
127.900
128.390
128.880
129.360
129.850
130.330
130.820
131.320
131.830
132.290
132.810
133.280
133.760
134.230
134.730
135.190
135.680
136.170
136.630
137.110
137.600
138.080
138.560
139.040
139.520
140.000
140.480
140.960
141.440
141.930
142.410
142.900
143.370
143.850
144.340
144.820
145.310
145.810
146.300
146.800
147.310
147.780
148.250
148.730
149.230
149.690
150.180
150.670
151.160
151.650
152.130
152.610
153.100
153.590
154.090
154.590
155.090
155.560
156.070
156.540
157.010
157.470
157.940
158.430
158.910
159.400
159.870
160.360
160.830
161.310
161.800
162.250
162.740
163.190
163.660
164.150
164.620
165.070
165.560
166.030
166.490
166.980
167.450
167.930
168.430
168.920
169.420
169.900
170.380
170.840
171.320
171.830
172.310
172.780
173.290
173.830
174.370
174.940
175.580
176.240
176.870
177.500
178.150
178.780
179.370
180.010
180.620
181.210
181.820
182.430
183.060
183.670
184.250
184.860
185.440
186.040
186.640
