0.418004535	1
0.800997732	2
1.172993197	3
1.556009070	4
1.916009070	5
2.287006802	6
2.659002267	1
3.007006802	2
3.367006802	3
3.738004535	4
4.110000000	5
4.470000000	6
4.840997732	1
5.200997732	2
5.572993197	3
5.956009070	4
6.327006802	5
6.699002267	6
7.070000000	1
7.453990929	2
7.837006802	3
8.220000000	4
8.590997732	5
8.973990929	6
9.358004535	1
9.751995464	2
10.111995464	3
10.490000000	4
13.769002267	4
14.314988662	1
14.860997732	2
15.418004535	3
15.963990929	4
16.475011337	1
16.997006802	2
17.519002267	3
18.030000000	4
18.552993197	1
19.098004535	2
19.631995464	3
20.155011337	4
20.700997732	1
21.222993197	2
21.733990929	3
22.245011337	4
22.743990929	1
23.278004535	2
23.811995464	3
24.333990929	4
24.869002267	1
25.379002267	2
25.879002267	3
26.389002267	4
26.923990929	1
27.458004535	2
27.991995464	3
28.526009070	4
29.060000000	1
29.593990929	2
30.116009070	1
30.650000000	2
31.183990929	3
31.695011337	4
32.229002267	1
32.762993197	2
33.309002267	3
33.842993197	4
34.366009070	1
34.888004535	2
35.399002267	3
35.898004535	4
36.397006802	1
36.897006802	2
37.407006802	3
37.930000000	4
38.440997732	1
38.950997732	2
39.473990929	3
39.984988662	4
40.496009070	1
41.018004535	2
41.529002267	3
42.040000000	4
42.550997732	1
43.085011337	2
43.607006802	3
44.130000000	4
44.629002267	1
45.140000000	2
45.661995464	3
46.172993197	4
46.683990929	1
47.195011337	2
47.704988662	3
48.192993197	4
48.715011337	1
49.226009070	2
49.749002267	3
50.260000000	4
50.770000000	1
51.280997732	2
51.791995464	1
52.302993197	2
52.813990929	3
53.325011337	4
53.835011337	1
54.335011337	2
54.846009070	3
55.332993197	4
55.820997732	1
56.308004535	2
56.796009070	3
57.295011337	4
57.782993197	1
58.281995464	2
58.792993197	3
59.269002267	4
59.757006802	1
60.243990929	2
60.720000000	3
61.208004535	4
61.695011337	1
62.206009070	2
62.729002267	3
63.228004535	4
63.739002267	1
64.250000000	2
64.760000000	3
65.270997732	4
65.759002267	1
66.280997732	2
66.803990929	3
67.326009070	4
67.849002267	1
68.348004535	2
68.847006802	3
69.346009070	4
69.857006802	1
70.368004535	2
70.901995464	3
71.424988662	4
71.923990929	1
72.435011337	2
72.944988662	3
73.444988662	4
73.931995464	1
74.454988662	2
74.977006802	3
75.488004535	4
75.999002267	1
76.520997732	2
77.031995464	3
77.542993197	4
78.041995464	1
78.552993197	2
79.076009070	3
79.586009070	4
80.097006802	1
80.620000000	2
81.130997732	1
81.630000000	2
82.151995464	3
82.662993197	4
83.185011337	1
83.696009070	2
84.219002267	3
84.730000000	4
85.240000000	1
85.750997732	2
86.250997732	3
86.738004535	4
87.237006802	1
87.748004535	2
88.259002267	3
88.770000000	4
89.269002267	1
89.780000000	2
90.290997732	3
90.801995464	4
91.311995464	1
91.822993197	2
92.346009070	3
92.857006802	4
93.367006802	1
93.878004535	2
94.389002267	3
94.888004535	4
95.376009070	1
95.898004535	2
96.420997732	3
96.931995464	4
97.442993197	1
97.965011337	2
98.476009070	3
98.974988662	4
99.498004535	1
100.020000000	2
100.530997732	3
101.030000000	4
101.540997732	1
102.051995464	2
102.573990929	1
103.084988662	2
103.583990929	3
104.082993197	4
104.582993197	1
105.081995464	2
105.592993197	3
106.091995464	4
106.580000000	1
107.067006802	2
107.566009070	3
108.066009070	4
108.564988662	1
109.076009070	2
109.575011337	3
110.073990929	4
110.561995464	1
111.049002267	2
111.549002267	3
112.048004535	4
112.547006802	1
113.058004535	2
113.591995464	3
114.056009070	4
114.601995464	1
115.106870748	2
115.602131519	3
116.167619047	4
116.727006802	1
117.179002267	2
117.597006802	3
118.027006802	4
118.444988662	5
118.862993197	6
119.291995464	1
119.721995464	2
120.140000000	3
120.558004535	4
120.976009070	5
121.393990929	6
121.811995464	1
122.207006802	2
122.625011337	3
123.053990929	4
123.471995464	5
123.878004535	6
124.296009070	1
124.702993197	2
125.109002267	3
125.527006802	4
125.944988662	5
126.350997732	6
126.758004535	1
127.163990929	2
127.581995464	3
128.000000000	4
128.406009070	5
128.823990929	6
129.241995464	1
129.649002267	2
130.067006802	3
130.485011337	4
130.890997732	5
131.309002267	6
131.727006802	1
132.132993197	2
132.539002267	3
132.957006802	4
133.363990929	5
133.770000000	6
134.177006802	1
134.582993197	2
135.000997732	3
135.419002267	4
135.824988662	5
136.220000000	6
136.626009070	1
137.043990929	2
137.461995464	3
137.880000000	4
138.298004535	5
138.716009070	6
139.121995464	1
139.529002267	2
139.947006802	3
140.399002267	4
144.520997732	4
145.136009070	1
145.681995464	2
146.250997732	3
146.808004535	4
147.365011337	1
147.922993197	2
148.480000000	3
149.037006802	4
149.594988662	1
150.140000000	2
150.673990929	3
151.231995464	4
151.766009070	1
152.300000000	2
152.833990929	3
153.368004535	4
153.901995464	1
154.436009070	2
154.981995464	3
155.516009070	4
156.060997732	1
156.594988662	2
157.140997732	3
157.675011337	4
158.220997732	1
158.766009070	2
159.300000000	3
159.835011337	4
160.369002267	1
160.913990929	2
161.448004535	1
161.981995464	2
162.492993197	3
163.027006802	4
163.572993197	1
164.119002267	2
164.640997732	3
165.175011337	4
165.720997732	1
166.254988662	2
166.777006802	3
167.277006802	4
167.787006802	1
168.310000000	2
168.854988662	3
169.378004535	4
169.911995464	1
170.446009070	2
170.980000000	3
171.502993197	4
172.048004535	1
172.581995464	2
173.128004535	3
173.673990929	4
174.208004535	1
174.741995464	2
175.276009070	3
175.810000000	4
176.343990929	1
176.878004535	2
177.423990929	3
177.958004535	4
178.480000000	1
179.013990929	2
179.548004535	3
180.070997732	4
180.592993197	1
181.127006802	2
181.672993197	3
182.207006802	4
182.740997732	1
183.262993197	2
183.798004535	1
184.331995464	2
184.853990929	3
185.365011337	4
185.876009070	1
186.398004535	2
186.920997732	3
187.430997732	4
187.941995464	1
188.441995464	2
188.940997732	3
189.440000000	4
189.939002267	1
190.472993197	2
190.983990929	3
191.482993197	4
191.993990929	1
192.481995464	2
192.969002267	3
193.457006802	4
193.968004535	1
194.490000000	2
195.012993197	3
195.523990929	4
196.046009070	1
196.531179138	2
197.044897959	3
197.578594104	4
198.275011337	1
198.728004535	2
199.146009070	3
199.563990929	4
199.981995464	5
200.388004535	6
200.818004535	1
201.236009070	2
201.653990929	3
202.060000000	4
202.478004535	5
202.883990929	6
203.301995464	1
203.720000000	2
204.138004535	3
204.556009070	4
204.962993197	5
205.369002267	6
205.775011337	1
206.181995464	2
206.588004535	3
207.006009070	4
207.411995464	5
207.830000000	6
208.237006802	1
208.653990929	2
209.060997732	3
209.479002267	4
209.897006802	5
210.314988662	6
210.732993197	1
211.150997732	2
211.569002267	3
211.987006802	4
212.405011337	5
212.821995464	6
213.240000000	1
213.647006802	2
214.064988662	3
214.482993197	4
214.889002267	5
215.307006802	6
215.712993197	1
216.120000000	2
216.526009070	3
216.943990929	4
217.361995464	5
217.768004535	6
218.175011337	1
218.592993197	2
219.010997732	3
219.440000000	4
219.847006802	5
220.263990929	6
220.670997732	1
221.077006802	2
221.507006802	3
221.960000000	4
225.071020408	4
225.592993197	1
226.128004535	2
226.650000000	3
227.160997732	4
227.682993197	1
228.193990929	2
228.717006802	3
229.239002267	4
229.750000000	1
230.271995464	2
230.794988662	3
231.317006802	4
231.840000000	1
232.361995464	2
232.884988662	3
233.395011337	4
233.906009070	1
234.429002267	2
234.962993197	3
235.485011337	4
235.996009070	1
236.507006802	2
237.018004535	3
237.540000000	4
238.050997732	1
238.561995464	2
239.083990929	3
239.607006802	4
240.118004535	1
240.617006802	2
241.128004535	1
241.650000000	2
242.160997732	3
242.671995464	4
243.182993197	1
243.717006802	2
244.227006802	3
244.750000000	4
245.249002267	1
245.748004535	2
246.248004535	3
246.735011337	4
247.210997732	1
247.710000000	2
248.220997732	3
248.731995464	4
249.254988662	1
249.764988662	2
250.276009070	3
250.799002267	4
251.320997732	1
251.831995464	2
252.342993197	3
252.853990929	4
253.376009070	1
253.887006802	2
254.409002267	3
254.920000000	4
255.430997732	1
255.953990929	2
256.476009070	3
256.987006802	4
257.509002267	1
258.020000000	2
258.530997732	3
259.041995464	4
259.552993197	1
260.074988662	2
260.598004535	3
261.120000000	4
261.641995464	1
262.152993197	2
262.676009070	1
263.198004535	2
263.709002267	3
264.220000000	4
264.730997732	1
265.241995464	2
265.751995464	3
266.251995464	4
266.750997732	1
267.250000000	2
267.760997732	3
268.260000000	4
268.782993197	1
269.292993197	2
269.803990929	3
270.302993197	4
270.802993197	1
271.290000000	2
271.790000000	3
272.277006802	4
272.788004535	1
273.299002267	2
273.810000000	3
274.320997732	4
274.830997732	1
275.273673469	2
275.778027210	3
276.327777777	4
277.060000000	1
277.478004535	2
277.908004535	3
278.338004535	4
278.756009070	5
279.161995464	6
279.580000000	1
279.998004535	2
280.403990929	3
280.821995464	4
281.240000000	5
281.658004535	6
282.063990929	1
282.481995464	2
282.900000000	3
283.307006802	4
283.712993197	5
284.119002267	6
284.526009070	1
284.943990929	2
285.350000000	3
285.768004535	4
286.186009070	5
286.591995464	6
286.999002267	1
287.404988662	2
287.822993197	3
288.240997732	4
288.659002267	5
289.064988662	6
289.482993197	1
289.900997732	2
290.319002267	3
290.737006802	4
291.142993197	5
291.560997732	6
291.979002267	1
292.397006802	2
292.827006802	3
293.232993197	4
293.650997732	5
294.069002267	6
294.475011337	1
294.892993197	2
295.310997732	3
295.718004535	4
296.123990929	5
296.530000000	6
296.937006802	1
297.355011337	2
297.772993197	3
298.190997732	4
298.609002267	5
299.027006802	6
299.432993197	1
299.850997732	2
300.280000000	3
300.698004535	4
301.116009070	5
301.533990929	6
301.951995464	1
302.381995464	2
302.810997732	3
303.240997732	4
303.659002267	5
304.089002267	6
304.506009070	1
304.923990929	2
305.341995464	3
305.760000000	4
306.178004535	5
306.596009070	6
307.013990929	1
307.431995464	2
307.850000000	3
308.268004535	4
308.673990929	5
309.091995464	6
309.499002267	1
309.917006802	2
310.334988662	3
310.752993197	4
311.159002267	5
311.577006802	6
311.982993197	1
312.400997732	2
312.819002267	3
313.237006802	4
313.643990929	5
314.060997732	6
314.479002267	1
314.897006802	2
315.314988662	3
315.745011337	4
316.162993197	5
316.580997732	6
316.999002267	1
317.417006802	2
317.822993197	3
318.229002267	4
318.623990929	5
319.019002267	6
319.437006802	1
319.855011337	2
320.272993197	3
320.679002267	4
321.086009070	5
321.491995464	6
321.910000000	1
322.328004535	2
322.746009070	3
323.163990929	4
323.581995464	5
323.988004535	6
324.393990929	1
324.811995464	2
325.241995464	3
325.670997732	4
326.089002267	5
326.507006802	6
326.925011337	1
327.342993197	2
327.760997732	3
328.179002267	4
328.597006802	5
329.003990929	6
329.420997732	1
329.839002267	2
330.257006802	3
330.675011337	4
331.081995464	5
331.488004535	6
331.906009070	1
332.323990929	2
332.741995464	3
333.160000000	4
333.589002267	5
333.996009070	6
334.401995464	1
334.820000000	2
335.250000000	3
335.679002267	4
336.109002267	5
336.527006802	6
336.956009070	1
337.386009070	2
337.803990929	3
338.221995464	4
338.628004535	5
339.046009070	6
339.463990929	1
339.893990929	2
340.311995464	3
340.730000000	4
341.148004535	5
341.566009070	6
341.982993197	1
342.400997732	2
342.819002267	3
343.237006802	4
343.643990929	5
344.061995464	6
344.480000000	1
344.898004535	2
345.327006802	3
345.745011337	4
346.150997732	5
346.569002267	6
346.987006802	1
347.417006802	2
347.847006802	3
348.276009070	4
348.706009070	5
349.123990929	6
349.552993197	1
349.982993197	2
350.411995464	3
350.841995464	4
351.260000000	5
351.678004535	6
352.107006802	1
352.537006802	2
352.967006802	3
353.396009070	4
353.813990929	5
354.220000000	6
354.627006802	1
355.032993197	2
355.450997732	3
355.857006802	4
356.263990929	5
356.670000000	6
357.076009070	1
357.482993197	2
357.889002267	3
358.295011337	4
358.701995464	5
359.108004535	6
359.526009070	1
359.956009070	2
360.373990929	3
360.791995464	4
361.210000000	5
361.628004535	6
362.046009070	1
362.462993197	2
362.880997732	3
363.310997732	4
363.740997732	5
364.159002267	6
364.577006802	1
365.006009070	2
365.423990929	3
365.841995464	4
366.260000000	5
366.678004535	6
367.083990929	1
367.490997732	2
367.909002267	3
368.327006802	4
368.732993197	5
369.139002267	6
369.557006802	1
369.975011337	2
370.404988662	3
370.822993197	4
371.240997732	5
371.659002267	6
372.077006802	1
372.493990929	2
372.911995464	3
373.330000000	4
373.737006802	5
374.154988662	6
374.572993197	1
375.001995464	2
375.431995464	3
375.860997732	4
376.290997732	5
376.720997732	6
377.150000000	1
377.580000000	2
378.020997732	3
378.450000000	4
378.868004535	5
379.286009070	6
379.703990929	1
380.121995464	2
380.551995464	3
380.970000000	4
381.388004535	5
381.817006802	6
382.247006802	1
382.676009070	2
383.106009070	3
383.523990929	4
383.953990929	5
384.370997732	6
384.800997732	1
385.230997732	2
385.649002267	3
386.067006802	4
386.485011337	5
386.890997732	6
387.297006802	1
387.738004535	2
388.180000000	3
388.609002267	4
389.014988662	5
389.432993197	6
389.850997732	1
390.280997732	2
390.710997732	3
391.151995464	4
391.580997732	5
392.010997732	6
392.440000000	1
392.858004535	2
393.276009070	3
393.706009070	4
394.123990929	5
394.541995464	6
394.970997732	1
395.400997732	2
395.830997732	3
396.249002267	4
396.642993197	5
397.060997732	6
397.479002267	1
397.909002267	2
398.327006802	3
398.745011337	4
399.162993197	5
399.580997732	6
399.999002267	1
400.417006802	2
400.833990929	3
401.251995464	4
401.670000000	5
402.088004535	6
402.518004535	1
402.947006802	2
403.377006802	3
403.807006802	4
404.236009070	5
404.653990929	6
405.071995464	1
405.490000000	2
405.908004535	3
406.326009070	4
406.743990929	5
407.150000000	6
407.568004535	1
407.998004535	2
408.416009070	3
408.833990929	4
409.251995464	5
409.670000000	6
410.088004535	1
410.517006802	2
410.947006802	3
411.376009070	4
411.806009070	5
412.223990929	6
412.641995464	1
413.070997732	2
413.500997732	3
413.930997732	4
414.360000000	5
414.790000000	6
415.219002267	1
415.660000000	2
416.090000000	3
416.520000000	4
416.949002267	5
417.379002267	6
417.808004535	1
418.226009070	2
418.667006802	3
419.097006802	4
419.527006802	5
419.956009070	6
420.386009070	1
420.814988662	2
421.245011337	3
421.673990929	4
422.103990929	5
422.521995464	6
422.950997732	1
423.380997732	2
423.810997732	3
424.240000000	4
424.658004535	5
425.063990929	6
425.493990929	1
425.923990929	2
426.352993197	3
426.782993197	4
427.200997732	5
427.630000000	6
428.048004535	1
428.478004535	2
428.907006802	3
429.337006802	4
429.754988662	5
430.160997732	6
430.568004535	1
430.986009070	2
431.403990929	3
431.820997732	4
432.228004535	5
432.646009070	6
433.074988662	1
433.504988662	2
433.933990929	3
434.363990929	4
434.793990929	5
435.211995464	6
435.640997732	1
436.070997732	2
436.489002267	3
436.918004535	4
437.348004535	5
437.766009070	6
438.194988662	1
438.625011337	2
439.053990929	3
439.483990929	4
439.913990929	5
440.331995464	6
440.750000000	1
441.179002267	2
441.597006802	3
442.027006802	4
442.456009070	5
442.873990929	6
443.291995464	1
443.721995464	2
444.150997732	3
444.569002267	4
444.976009070	5
445.393990929	6
445.800000000	1
446.229002267	2
446.659002267	3
447.089002267	4
447.518004535	5
447.948004535	6
448.366009070	1
448.795011337	2
449.212993197	3
449.630997732	4
450.049002267	5
450.454988662	6
450.872993197	1
451.314988662	2
451.756009070	3
452.185011337	4
452.615011337	5
453.045011337	6
453.461995464	1
453.903990929	2
454.345011337	3
454.773990929	4
455.203990929	5
455.633990929	6
456.062993197	1
456.492993197	2
456.921995464	3
457.351995464	4
457.780997732	5
458.199002267	6
458.629002267	1
459.058004535	2
459.488004535	3
459.918004535	4
460.336009070	5
460.741995464	6
461.160000000	1
461.589002267	2
462.019002267	3
462.449002267	4
462.867006802	5
463.296009070	6
463.679002267	1
