0.430
0.850
1.300
1.740
2.180
2.630
3.060
3.500
3.930
4.370
4.820
5.250
5.690
6.130
6.570
7.020
7.450
7.900
8.340
8.780
9.210
9.650
10.090
10.520
10.950
11.400
11.830
12.270
12.710
13.140
13.590
14.030
14.460
14.880
15.290
15.720
16.170
16.600
17.050
17.490
17.920
18.370
18.810
19.250
19.680
20.130
20.590
21.050
21.480
21.940
22.390
22.830
23.280
23.720
24.170
24.610
25.050
25.490
25.940
26.380
26.820
27.280
27.730
28.180
28.620
29.070
29.520
29.970
30.410
30.850
31.290
31.730
32.180
32.620
33.070
33.520
33.970
34.400
34.850
35.290
35.740
36.180
36.630
37.080
37.520
37.980
38.410
38.860
39.300
39.750
40.190
40.640
41.090
41.540
41.980
42.410
42.840
43.290
43.750
44.200
44.650
45.100
45.560
46.010
46.470
46.920
47.360
47.810
48.270
48.710
49.170
49.620
50.070
50.510
50.970
51.430
51.870
52.310
52.760
53.210
53.660
54.110
54.560
55.000
55.420
55.830
56.230
56.670
57.120
57.570
58.040
58.480
58.940
59.390
59.840
60.280
60.730
61.190
61.630
62.080
62.530
63.000
63.460
63.920
64.370
64.820
65.270
65.720
66.170
66.630
67.080
67.520
67.970
68.440
68.870
69.320
69.790
70.240
70.690
71.150
71.600
72.040
72.490
72.940
73.390
73.840
74.300
74.750
75.190
75.640
76.070
76.520
76.970
77.420
77.870
78.330
78.780
79.230
79.680
80.120
80.580
81.040
81.490
81.940
82.390
82.840
83.290
83.720
84.180
84.630
85.090
85.550
86.010
86.460
86.920
87.370
87.830
88.290
88.750
89.200
89.650
90.110
90.570
91.020
91.470
91.910
92.370
92.820
93.270
93.720
94.170
94.630
95.080
95.520
95.980
96.430
96.860
97.270
97.700
98.130
98.580
99.040
99.500
99.940
100.390
100.840
101.290
101.730
102.190
102.640
103.110
103.550
104.010
104.490
104.930
105.380
105.830
106.280
106.730
107.170
107.630
108.080
108.540
108.990
109.430
109.900
110.340
110.810
111.280
111.730
112.170
112.640
113.090
113.540
113.990
114.450
114.910
115.370
115.810
116.270
116.730
117.180
117.620
118.070
118.520
118.980
119.440
119.910
120.360
120.810
121.290
121.740
122.190
122.650
123.110
123.570
124.040
124.500
124.930
125.390
125.830
126.290
126.750
127.200
127.640
128.100
128.530
128.990
129.430
129.920
130.390
130.880
131.370
131.850
132.330
132.810
133.270
