0.500
1.070
1.610
2.160
2.670
3.170
3.700
4.180
4.690
5.210
5.730
6.220
6.750
7.270
7.770
8.270
8.810
9.320
9.820
10.350
10.870
11.430
11.940
12.420
12.960
13.460
13.960
14.460
14.980
15.470
15.950
16.470
16.980
17.470
17.960
18.450
18.950
19.460
19.960
20.460
20.970
21.470
21.970
22.470
22.960
23.470
23.960
24.470
24.990
25.480
26.000
26.500
27.030
27.550
28.040
28.550
29.050
29.570
30.080
30.580
31.110
31.610
32.120
32.620
33.130
33.670
34.150
34.660
35.200
35.720
36.210
36.690
37.210
37.680
38.170
38.660
39.160
39.650
40.160
40.660
41.160
41.650
42.160
42.660
43.150
43.650
44.150
44.630
45.120
45.630
46.130
46.610
47.100
47.600
48.090
48.570
49.070
49.550
50.050
50.530
51.020
51.520
52.010
52.500
52.990
53.480
53.980
54.470
54.970
55.460
55.960
56.440
56.920
57.430
57.930
58.410
58.900
59.390
59.890
60.370
60.870
61.380
61.870
62.350
62.840
63.350
63.840
64.370
64.880
65.400
65.920
66.420
66.970
67.470
67.970
68.480
69.000
69.520
70.010
70.510
71.050
71.560
72.090
72.580
73.110
73.610
74.120
74.620
75.150
75.670
76.170
76.650
77.180
77.670
78.150
78.650
79.150
79.660
80.170
80.660
81.170
81.670
82.180
82.670
83.160
83.670
84.170
84.660
85.150
85.660
86.170
86.660
87.150
87.650
88.140
88.630
89.110
89.610
90.120
90.620
91.110
91.610
92.100
92.590
93.080
93.570
94.060
94.540
95.030
95.520
96.020
96.510
97.000
97.500
98.000
98.480
98.960
99.460
99.950
100.440
100.930
101.430
101.920
102.400
102.890
103.400
103.900
104.390
104.880
105.390
105.890
106.370
106.850
107.350
107.850
108.340
108.870
109.360
109.890
110.380
110.900
111.430
111.960
112.440
112.970
113.480
113.990
114.490
115.030
115.540
116.060
116.570
117.080
117.620
118.130
118.640
119.140
119.680
120.190
120.720
121.200
121.700
122.160
122.640
123.140
123.620
124.080
