0.090
0.470
0.870
1.280
1.690
2.070
2.440
2.810
3.190
3.570
3.950
4.330
4.710
5.100
5.470
5.850
6.240
6.620
6.990
7.370
7.750
8.130
8.520
8.910
9.290
9.680
10.060
10.440
10.830
11.220
11.610
11.990
12.370
12.750
13.140
13.510
13.890
14.270
14.640
15.020
15.400
15.790
16.160
16.540
16.940
17.330
17.720
18.100
18.490
18.890
19.250
19.650
20.030
20.410
20.800
21.180
21.570
21.960
22.350
22.740
23.130
23.530
23.910
24.280
24.670
25.050
25.430
25.830
26.230
26.620
26.990
27.360
27.760
28.130
28.510
28.890
29.270
29.670
30.040
30.430
30.820
31.200
31.570
31.950
32.330
32.720
33.110
33.490
33.880
34.270
34.660
35.040
35.430
35.820
36.210
36.610
36.990
37.390
37.790
38.170
38.550
38.960
39.330
39.720
40.100
40.490
40.860
41.250
41.640
42.040
42.410
42.800
43.200
43.590
43.960
44.340
44.730
45.120
45.500
45.890
46.270
46.670
47.050
47.440
47.830
48.210
48.610
48.970
49.370
49.750
50.150
50.540
50.930
51.300
51.690
52.090
52.470
52.860
53.240
53.620
54.010
54.390
54.780
55.170
55.550
55.940
56.330
56.710
57.090
57.480
57.870
58.240
58.640
59.030
59.410
59.800
60.190
60.570
60.960
61.350
61.740
62.120
62.500
62.880
63.280
63.660
64.020
64.410
64.800
65.180
65.550
65.920
66.310
66.700
67.070
67.450
67.820
68.220
68.590
68.970
69.350
69.740
70.110
70.480
70.860
71.260
71.630
72.000
72.400
72.790
73.170
73.540
73.940
74.330
74.700
75.090
75.500
75.870
76.240
76.620
77.000
77.390
77.780
78.170
78.570
78.960
79.330
79.720
80.110
80.490
80.870
81.270
81.650
82.040
82.430
82.820
83.210
83.610
83.990
84.380
84.770
85.170
85.560
85.960
86.340
86.720
87.110
87.500
87.890
88.300
88.660
89.060
89.460
89.840
90.220
90.610
91.000
91.410
91.790
92.170
92.560
92.960
93.320
93.710
94.100
94.490
94.870
95.270
95.650
96.040
96.430
96.820
97.220
97.610
97.980
98.350
98.730
99.120
99.520
99.910
100.300
100.690
101.080
101.470
101.840
102.230
102.610
102.990
103.380
103.770
104.160
104.540
104.930
105.330
105.710
106.100
106.490
106.880
107.270
107.660
108.050
108.440
108.830
109.220
109.610
110.000
110.380
110.760
111.150
111.540
111.910
112.300
112.690
113.080
113.470
113.860
114.250
114.640
115.030
115.420
115.810
116.200
116.590
116.960
117.340
117.720
118.120
118.510
118.890
119.270
119.650
120.030
120.410
120.800
121.190
121.580
121.960
122.340
122.740
123.120
123.500
123.810
124.140
124.460
124.770
125.090
125.410
125.730
126.050
126.380
126.690
127.020
127.330
127.650
127.980
128.290
128.610
128.940
129.260
