0.260
0.620
0.960
1.300
1.650
2.000
2.330
2.680
3.030
3.360
3.700
4.060
4.390
4.750
5.130
5.470
5.850
6.200
6.560
6.910
7.270
7.630
7.980
8.320
8.680
9.050
9.400
9.740
10.090
10.450
10.800
11.160
11.520
11.870
12.250
12.610
12.950
13.310
13.680
14.020
14.370
14.740
15.090
15.440
15.780
16.130
16.510
16.870
17.210
17.580
17.950
18.300
18.640
18.990
19.350
19.690
20.050
20.400
20.760
21.090
21.440
21.790
22.150
22.500
22.850
23.210
23.560
23.910
24.290
24.640
24.990
25.340
25.700
26.040
26.400
26.740
27.090
27.450
27.820
28.150
28.510
28.860
29.210
29.570
29.910
30.250
30.620
30.970
31.310
31.660
32.020
32.360
32.720
33.050
33.410
33.780
34.120
34.490
34.830
35.190
35.530
35.870
36.240
36.590
36.920
37.270
37.640
37.990
38.330
38.670
39.040
39.380
39.720
40.070
40.440
40.780
41.120
41.480
41.840
42.180
42.520
42.870
43.240
43.570
43.920
44.260
44.610
44.940
45.290
45.660
46.010
46.360
46.710
47.040
47.400
47.740
48.090
48.440
48.800
49.140
49.490
49.820
50.160
50.520
50.870
51.230
51.580
51.910
52.270
52.630
52.960
53.330
53.660
54.020
54.370
54.730
55.070
55.450
55.790
56.170
56.520
56.880
57.210
57.570
57.910
58.280
58.630
58.960
59.320
59.660
60.020
60.370
60.720
61.070
61.410
61.770
62.110
62.470
62.820
63.180
63.530
63.880
64.230
64.580
64.910
65.270
65.620
65.960
66.310
66.670
67.010
67.370
67.710
68.080
68.420
68.770
69.120
69.480
69.810
70.170
70.530
70.880
71.220
71.570
71.920
72.260
72.630
73.000
73.340
73.720
74.080
74.440
74.780
75.140
75.510
75.860
76.220
76.580
76.910
77.250
77.560
77.890
78.230
78.570
78.910
79.260
79.610
79.970
80.310
80.660
81.020
81.340
81.690
82.040
82.410
82.760
83.090
83.450
83.810
84.160
84.500
84.850
85.190
85.550
85.890
86.250
86.610
86.940
87.290
87.650
87.990
88.330
88.670
89.010
89.390
89.750
90.090
90.470
90.810
91.170
91.530
91.880
92.240
92.590
92.950
93.300
93.650
93.980
94.340
94.690
95.040
95.390
95.740
96.080
96.440
96.780
97.130
97.480
97.850
98.190
98.530
98.880
99.250
99.570
99.910
100.250
100.620
100.950
101.320
101.670
102.000
102.370
102.700
103.060
103.410
103.760
104.110
104.460
104.810
105.140
105.470
105.820
106.180
106.520
106.870
107.230
107.590
107.930
108.280
108.620
108.970
109.320
109.680
110.040
110.380
110.740
111.080
111.420
111.770
112.140
112.470
112.840
113.200
113.560
113.900
114.260
114.600
114.940
115.290
115.660
115.980
116.330
116.670
117.020
117.370
117.720
118.090
118.420
118.780
119.130
119.490
119.840
120.180
120.520
120.870
121.220
121.570
121.950
122.310
122.660
122.990
123.360
123.690
124.060
124.410
124.740
125.100
125.460
125.820
126.160
126.520
126.870
127.230
127.560
127.930
128.270
128.620
129.000
129.340
129.700
130.070
130.440
130.780
131.140
131.500
131.840
132.200
132.550
132.910
133.250
133.590
133.940
134.310
134.640
135.020
135.370
135.740
136.080
136.460
136.790
137.150
137.480
137.810
138.160
138.510
138.880
139.230
139.560
139.910
140.240
140.570
140.940
141.280
141.640
141.980
142.340
142.670
143.040
143.390
143.730
144.100
144.460
144.780
145.100
145.410
145.740
146.060
146.380
146.690
147.020
147.340
147.650
147.980
148.300
148.610
148.930
149.250
