0.140
0.520
0.940
1.340
1.740
2.130
2.540
2.910
3.300
3.700
4.090
4.490
4.870
5.270
5.640
6.020
6.410
6.800
7.190
7.600
8.000
8.400
8.800
9.200
9.590
9.990
10.380
10.780
11.180
11.600
11.980
12.390
12.790
13.180
13.580
13.990
14.400
14.790
15.200
15.600
16.000
16.390
16.790
17.200
17.600
18.000
18.390
18.800
19.190
19.600
20.010
20.400
20.790
21.190
21.600
21.990
22.380
22.780
23.170
23.570
23.950
24.350
24.750
25.140
25.530
25.930
26.330
26.750
27.140
27.540
27.930
28.340
28.720
29.120
29.510
29.920
30.310
30.710
31.100
31.490
31.880
32.280
32.670
33.080
33.470
33.860
34.260
34.660
35.050
35.440
35.830
36.230
36.610
37.000
37.400
37.800
38.190
38.590
39.000
39.390
39.790
40.200
40.580
40.990
41.370
41.770
42.170
42.570
42.970
43.360
43.770
44.160
44.560
44.950
45.340
45.740
46.140
46.550
46.950
47.340
47.730
48.130
48.530
48.940
49.330
49.730
50.130
50.530
50.920
51.310
51.720
52.110
52.490
52.880
53.250
53.630
54.000
54.390
54.780
55.180
55.570
55.960
56.360
56.750
57.130
57.520
57.910
58.310
58.690
59.080
59.480
59.880
60.280
60.670
61.070
61.460
61.850
62.240
62.640
63.020
63.410
63.800
64.200
64.590
64.980
65.370
65.750
66.140
66.540
66.900
67.290
67.680
68.050
68.450
68.830
69.230
69.620
70.010
70.400
70.800
71.180
71.570
71.970
72.360
72.760
73.160
73.560
73.970
74.370
74.760
75.160
75.570
75.950
76.350
76.750
77.170
77.550
77.940
78.340
78.730
79.130
79.530
79.940
80.330
80.740
81.130
81.530
81.930
82.330
82.730
83.140
83.540
83.940
84.330
84.730
85.130
85.530
85.920
86.330
86.720
87.120
87.520
87.920
88.320
88.710
89.110
89.510
89.910
90.310
90.700
91.100
91.490
91.870
92.260
92.670
93.060
93.440
93.830
94.210
94.610
95.010
95.410
95.790
96.200
96.590
96.990
97.390
97.790
98.190
98.600
99.000
99.400
99.780
100.170
100.560
100.970
101.370
101.770
102.170
102.560
102.960
103.340
103.730
104.180
104.680
105.160
105.640
106.110
106.580
107.060
107.540
