0.470
0.980
1.480
1.980
2.490
2.960
3.460
3.940
4.450
4.930
5.430
5.920
6.420
6.910
7.400
7.870
8.370
8.850
9.370
9.850
10.350
10.840
11.320
11.820
12.300
12.770
13.260
13.740
14.240
14.740
15.220
15.700
16.200
16.670
17.170
17.640
18.150
18.640
19.130
19.600
20.110
20.580
21.090
21.560
22.060
22.540
23.020
23.510
23.980
24.460
24.980
25.470
25.940
26.440
26.930
27.410
27.920
28.390
28.880
29.340
29.840
30.330
30.810
31.290
31.790
32.290
32.770
33.260
33.740
34.230
34.720
35.220
35.690
36.200
36.690
37.150
37.630
38.130
38.620
39.110
39.590
40.100
40.570
41.050
41.540
42.040
42.550
43.030
43.490
43.980
44.470
44.930
45.420
45.910
46.370
46.850
47.350
47.840
48.350
48.830
49.330
49.800
50.290
50.770
51.270
51.770
52.270
52.750
53.240
53.720
54.220
54.690
55.190
55.690
56.180
56.680
57.190
57.670
58.160
58.630
59.140
59.630
60.120
60.590
61.090
61.600
62.080
62.590
63.070
63.570
64.060
64.550
65.010
65.520
66.020
66.500
66.970
67.460
67.950
68.430
68.920
69.410
69.890
70.350
70.850
71.330
71.810
72.280
72.770
73.280
73.770
74.260
74.750
75.240
75.760
76.240
76.740
77.240
77.730
78.220
78.710
79.190
79.690
80.170
80.680
81.170
81.660
82.170
82.660
83.140
83.630
84.110
84.640
85.120
85.590
86.080
86.570
87.060
87.550
88.040
88.530
89.030
89.490
89.990
90.490
90.980
91.470
91.940
92.440
92.920
93.420
93.900
94.400
94.900
95.390
95.870
96.390
96.860
97.340
97.830
98.330
98.820
99.320
99.810
100.310
100.780
101.290
101.760
102.260
102.750
103.250
103.760
104.240
104.750
105.260
105.730
106.230
106.730
107.230
107.700
108.230
108.720
109.190
109.670
110.170
110.650
111.150
111.630
112.120
112.600
113.100
113.570
114.040
114.530
115.040
115.510
116.010
116.470
116.950
117.440
117.940
118.400
118.930
119.420
119.910
120.380
120.870
121.360
121.840
122.310
122.830
123.310
123.810
124.280
124.780
125.270
125.750
126.250
126.740
127.200
127.690
128.180
128.650
129.130
129.620
130.090
130.580
131.050
131.520
132.020
132.480
132.960
133.440
133.940
134.420
134.900
135.380
135.860
136.320
