0.180
0.660
1.130
1.610
2.090
2.590
3.060
3.560
4.030
4.530
5.010
5.500
5.970
6.470
6.950
7.430
7.910
8.370
8.850
9.340
9.840
10.320
10.810
11.290
11.760
12.260
12.750
13.230
13.730
14.210
14.690
15.180
15.660
16.140
16.630
17.120
17.600
18.080
18.560
19.050
19.520
20.000
20.500
20.980
21.470
21.950
22.430
22.910
23.390
23.870
24.370
24.870
25.340
25.830
26.300
26.780
27.280
27.750
28.240
28.730
29.230
29.710
30.190
30.670
31.160
31.640
32.130
32.620
33.110
33.600
34.080
34.570
35.060
35.530
36.020
36.530
37.000
37.480
37.970
38.460
38.920
39.400
39.900
40.390
40.900
41.390
41.870
42.350
42.850
43.330
43.820
44.310
44.810
45.300
45.790
46.280
46.750
47.250
47.740
48.240
48.720
49.220
49.700
50.200
50.680
51.170
51.660
52.160
52.630
53.140
53.620
54.130
54.590
55.070
55.560
56.060
56.540
57.040
57.520
58.010
58.490
58.980
59.470
59.960
60.460
60.950
61.430
61.920
62.410
62.890
63.400
63.880
64.380
64.860
65.350
65.840
66.340
66.810
67.310
67.810
68.300
68.800
69.280
69.720
70.180
70.640
71.130
71.610
72.120
72.610
73.100
73.590
74.080
74.570
75.070
75.550
76.060
76.540
77.030
77.520
78.010
78.510
78.970
79.480
79.980
80.470
80.950
81.440
81.940
82.440
82.920
83.420
83.920
84.400
84.890
85.390
85.860
86.340
86.840
87.320
87.830
88.320
88.810
89.300
89.790
90.270
90.760
91.260
91.760
92.260
92.750
93.250
93.730
94.220
94.710
95.210
95.720
96.200
96.700
97.190
97.690
98.180
98.680
99.190
99.690
100.180
100.680
101.160
101.650
102.140
102.660
103.150
103.640
104.130
104.620
105.100
105.590
106.070
106.570
107.060
107.560
108.040
108.530
109.040
109.510
109.990
110.490
110.970
111.470
111.950
112.440
112.930
113.430
113.920
114.420
114.900
115.370
115.900
116.370
116.900
117.360
117.850
118.350
118.850
119.340
119.830
120.320
120.820
121.310
121.780
122.270
122.760
123.260
123.740
124.230
124.720
125.210
125.700
126.190
126.690
127.180
127.670
128.150
128.640
129.130
129.610
130.100
130.570
131.050
131.580
132.050
132.580
133.060
133.550
134.050
134.530
135.020
135.500
136.000
136.470
136.980
137.460
137.960
138.440
138.930
139.420
139.910
140.390
140.890
141.350
141.840
142.330
142.830
143.320
143.810
144.310
144.790
145.290
145.780
146.280
146.800
147.280
147.780
148.280
148.760
149.240
149.720
150.250
150.730
151.230
151.700
152.170
152.650
153.150
153.610
154.090
154.590
155.070
155.550
156.030
156.510
