0.270
0.640
1.000
1.360
1.730
2.080
2.450
2.820
3.180
3.530
3.850
4.190
4.550
4.900
5.240
5.610
5.950
6.290
6.640
7.010
7.350
7.690
8.040
8.400
8.760
9.090
9.460
9.800
10.170
10.510
10.870
11.220
11.580
11.920
12.260
12.630
12.970
13.330
13.700
14.050
14.400
14.780
15.120
15.480
15.850
16.210
16.570
16.930
17.280
17.600
17.940
18.300
18.680
19.050
19.410
19.780
20.140
20.500
20.870
21.240
21.600
21.960
22.330
22.690
23.060
23.420
23.790
24.160
24.520
24.900
25.260
25.640
26.000
26.360
26.740
27.100
27.470
27.860
28.210
28.580
28.960
29.320
29.700
30.080
30.440
30.820
31.190
31.560
31.930
32.300
32.660
33.020
33.410
33.770
34.150
34.520
34.890
35.260
35.630
36.000
36.390
36.770
37.140
37.510
37.890
38.280
38.640
39.010
39.390
39.770
40.140
40.510
40.890
41.290
41.670
42.020
42.410
42.790
43.160
43.550
43.910
44.310
44.680
45.070
45.430
45.810
46.190
46.560
46.920
47.290
47.680
48.040
48.430
48.810
49.180
49.550
49.930
50.320
50.690
51.060
51.430
51.810
52.180
52.550
52.910
53.310
53.670
54.040
54.420
54.790
55.160
55.540
55.900
56.290
56.680
57.040
57.420
57.800
58.180
58.540
58.910
59.280
59.660
60.060
60.430
60.820
61.180
61.570
61.940
62.340
62.720
63.090
63.460
63.850
64.220
64.610
64.960
65.330
65.730
66.090
66.480
66.860
67.230
67.610
67.990
68.370
68.740
69.110
69.500
69.870
70.220
70.600
70.980
71.360
71.720
72.090
72.460
72.830
73.190
73.560
73.920
74.290
74.650
75.020
75.390
75.760
76.120
76.480
76.850
77.220
77.590
77.940
78.310
78.680
79.050
79.410
79.790
80.140
80.520
80.890
81.240
81.600
81.970
82.320
82.700
83.060
83.420
83.780
84.170
84.520
84.880
85.240
85.620
85.970
86.340
86.700
87.060
87.420
87.790
88.160
88.510
88.840
89.190
89.540
89.900
90.280
90.640
90.990
91.370
91.740
92.100
92.480
92.840
93.220
93.590
93.950
94.320
94.680
95.060
95.420
95.780
96.150
96.510
96.870
97.250
97.610
97.990
98.360
98.730
99.090
99.460
99.820
100.200
100.550
100.910
101.290
101.660
102.020
102.380
102.750
103.120
103.480
103.850
104.220
104.590
104.970
105.350
105.710
106.080
106.440
106.810
107.180
107.550
107.930
108.300
108.670
109.040
109.410
109.790
110.150
110.530
110.910
111.270
111.650
112.020
112.390
112.770
113.140
113.510
113.890
114.270
114.640
115.010
115.400
115.760
116.130
116.510
116.890
117.260
117.640
118.010
118.390
118.770
119.150
119.520
119.900
120.270
120.660
121.030
121.430
121.800
122.180
122.540
122.930
123.300
123.670
124.050
124.450
124.810
125.200
125.580
125.970
126.350
126.730
127.090
127.490
127.870
128.250
128.610
129.010
129.380
129.760
130.140
130.510
130.900
131.270
131.650
132.020
132.400
132.770
133.160
133.530
133.900
134.290
134.660
135.040
135.420
135.780
136.160
136.530
136.920
137.300
137.680
138.070
138.430
138.830
139.200
139.590
139.970
140.330
140.710
141.100
141.480
141.850
142.210
142.550
142.910
143.310
143.690
144.060
144.440
144.820
145.180
145.560
145.920
146.310
146.670
147.040
147.420
147.780
148.140
148.480
148.840
149.210
149.590
149.970
150.330
150.700
151.070
151.450
151.820
152.180
152.560
152.940
153.320
153.700
154.070
154.430
154.790
155.180
155.550
155.930
156.300
156.680
157.040
157.430
157.790
158.190
158.560
158.930
159.330
159.690
160.060
160.380
160.690
161.020
161.340
161.650
161.970
162.300
162.620
162.940
163.250
163.570
163.890
164.210
164.540
164.850
165.180
165.490
165.810
166.140
166.460
166.770
167.100
167.420
