0.430
0.880
1.310
1.730
2.170
2.580
3.010
3.430
3.870
4.300
4.720
5.160
5.590
6.010
6.440
6.900
7.330
7.770
8.200
8.650
9.080
9.510
9.950
10.380
10.820
11.260
11.690
12.120
12.570
12.990
13.420
13.860
14.290
14.730
15.170
15.610
16.040
16.460
16.910
17.340
17.790
18.230
18.680
19.110
19.550
19.980
20.430
20.870
21.310
21.750
22.190
22.610
23.050
23.490
23.930
24.370
24.810
25.250
25.690
26.130
26.570
27.000
27.440
27.870
28.310
28.750
29.200
29.630
30.080
30.510
30.950
31.390
31.840
32.270
32.720
33.160
33.600
34.040
34.480
34.920
35.370
35.810
36.250
36.700
37.140
37.560
38.010
38.440
38.900
39.320
39.760
40.210
40.650
41.070
41.520
41.950
42.400
42.840
43.290
43.710
44.160
44.590
45.040
45.470
45.910
46.350
46.800
47.240
47.670
48.110
48.550
49.000
49.440
49.870
50.310
50.760
51.190
51.640
52.090
52.520
52.970
53.430
53.870
54.300
54.750
55.180
55.620
56.070
56.520
56.950
57.400
57.850
58.300
58.720
59.170
59.610
60.050
60.500
60.940
61.380
61.830
62.280
62.710
63.160
63.600
64.040
64.460
64.920
65.340
65.800
66.230
66.680
67.110
67.540
67.980
68.430
68.860
69.300
69.720
70.170
70.580
71.030
71.460
71.880
72.310
72.740
73.190
73.630
74.070
74.510
74.940
75.390
75.830
76.280
76.720
77.160
77.610
78.050
78.490
78.930
79.380
79.820
80.270
80.710
81.170
81.590
82.040
82.480
82.930
83.370
83.810
84.250
84.700
85.140
85.600
86.030
86.470
86.930
87.360
87.810
88.260
88.700
89.140
89.590
90.030
90.470
90.910
91.350
91.790
92.240
92.680
93.130
93.590
94.020
94.470
94.920
95.370
95.810
96.240
96.700
97.150
97.590
98.040
98.490
98.940
99.390
99.820
100.260
100.700
101.160
101.590
102.040
102.470
102.920
103.370
103.820
104.260
104.710
105.130
105.580
106.010
106.470
106.890
107.330
107.760
108.200
108.640
109.090
109.520
109.970
110.400
110.850
111.290
111.720
112.130
112.540
112.980
113.420
113.870
114.320
114.750
115.190
115.650
116.090
116.530
116.980
117.420
117.860
118.300
118.750
119.200
119.640
120.100
120.520
120.970
121.410
121.850
122.300
122.750
123.180
123.640
124.080
124.530
124.960
125.410
125.840
126.300
126.730
127.200
127.630
128.090
128.520
128.960
129.410
129.840
130.290
130.750
131.190
131.640
132.070
132.510
132.960
133.410
133.840
134.290
134.750
135.180
135.650
136.080
136.530
137.000
137.470
137.920
138.370
138.820
139.270
139.730
140.180
140.630
141.090
141.540
142.010
142.450
142.930
143.390
143.880
144.420
145.000
145.570
146.140
146.700
147.290
147.830
148.430
148.990
149.620
150.220
150.800
151.390
152.020
