0.430
0.930
1.390
1.870
2.380
2.860
3.340
3.850
4.320
4.790
5.280
5.790
6.260
6.770
7.280
7.750
8.260
8.770
9.250
9.760
10.250
10.740
11.250
11.750
12.240
12.750
13.250
13.730
14.240
14.760
15.270
15.780
16.300
16.790
17.310
17.830
18.320
18.850
19.350
19.840
20.380
20.890
21.380
21.910
22.420
22.910
23.440
23.950
24.440
24.960
25.470
25.980
26.510
27.030
27.510
28.030
28.560
29.040
29.560
30.090
30.570
31.100
31.620
32.110
32.620
33.140
33.630
34.140
34.670
35.160
35.680
36.210
36.700
37.240
37.760
38.270
38.810
39.340
39.840
40.360
40.910
41.400
41.940
42.460
42.970
43.510
44.010
44.520
45.050
45.580
46.090
46.620
47.150
47.640
48.180
48.700
49.200
49.720
50.260
50.760
51.280
51.820
52.320
52.840
53.380
53.880
54.410
54.930
55.440
55.980
56.500
56.990
57.510
58.060
58.550
59.090
59.620
60.120
60.670
61.190
61.690
62.220
62.760
63.260
63.790
64.320
64.810
65.350
65.890
66.380
66.920
67.450
67.940
68.480
69.010
69.510
70.040
70.570
71.070
71.620
72.150
72.650
73.190
73.720
74.220
74.770
75.310
75.800
76.320
76.870
77.360
77.910
78.430
78.920
79.460
79.990
80.490
81.020
81.550
82.040
82.590
83.110
83.620
84.170
84.710
85.200
85.740
86.270
86.760
87.300
87.830
88.340
88.950
89.610
90.220
90.850
91.490
91.990
92.530
93.030
93.570
94.100
94.590
95.120
95.650
96.170
96.670
97.190
97.740
98.260
98.750
99.290
99.810
100.320
100.860
101.350
101.830
102.320
102.820
103.310
103.830
104.360
104.860
105.400
105.920
106.440
106.970
107.480
108.010
108.480
108.980
109.490
110.030
110.540
111.040
111.570
112.100
112.600
113.130
113.660
114.170
114.690
115.230
115.730
116.270
116.800
117.300
117.840
118.390
118.890
119.430
119.960
120.460
120.990
121.540
122.040
122.590
123.120
123.620
124.150
124.700
125.200
125.740
126.280
126.770
127.330
127.860
128.360
128.910
129.440
129.950
130.490
131.040
131.540
132.080
132.630
133.140
133.690
134.230
134.750
135.300
135.840
136.350
136.900
137.440
137.940
138.500
139.000
139.540
140.080
140.610
141.130
141.680
142.220
142.730
143.290
143.800
144.320
144.880
145.410
145.910
146.470
147.000
147.500
148.040
148.560
149.060
149.610
150.150
150.670
151.240
151.780
152.300
152.800
153.310
153.830
154.350
154.890
155.400
155.880
156.430
156.930
157.450
157.980
158.490
158.990
159.500
160.040
160.590
161.090
161.660
162.200
162.700
163.250
163.780
164.290
164.840
165.370
165.890
166.440
166.970
167.480
168.020
168.570
169.060
169.600
170.130
170.620
171.160
171.700
172.230
172.760
173.250
173.770
174.290
174.800
175.330
175.840
176.360
176.850
177.330
177.800
178.290
178.760
179.230
179.730
180.210
180.670
181.150
181.630
182.110
182.610
