0.130
0.430
0.720
1.020
1.320
1.620
1.920
2.220
2.530
2.820
3.120
3.430
3.730
4.030
4.330
4.630
4.930
5.230
5.530
5.840
6.150
6.460
6.760
7.060
7.360
7.670
7.970
8.270
8.570
8.870
9.160
9.460
9.760
10.060
10.360
10.660
10.960
11.260
11.560
11.860
12.170
12.480
12.780
13.080
13.380
13.670
13.980
14.290
14.600
14.910
15.210
15.500
15.810
16.110
16.400
16.710
17.010
17.310
17.620
17.930
18.240
18.540
18.850
19.160
19.460
19.760
20.060
20.370
20.660
20.970
21.260
21.560
21.880
22.190
22.500
22.810
23.110
23.420
23.730
24.030
24.330
24.630
24.930
25.230
25.540
25.840
26.140
26.440
26.740
27.040
27.350
27.650
27.960
28.260
28.560
28.860
29.160
29.460
29.770
30.070
30.370
30.670
30.970
31.280
31.580
31.900
32.210
32.510
32.820
33.140
33.440
33.750
34.050
34.360
34.660
34.960
35.270
35.590
35.900
36.190
36.490
36.790
37.090
37.410
37.720
38.030
38.330
38.630
38.920
39.240
39.540
39.850
40.160
40.460
40.770
41.060
41.370
41.670
41.970
42.280
42.600
42.910
43.220
43.530
43.830
44.140
44.450
44.760
45.060
45.370
45.670
45.960
46.270
46.580
46.880
47.190
47.500
47.810
48.110
48.400
48.700
49.010
49.300
49.620
49.920
50.230
50.540
50.850
51.140
51.450
51.740
52.040
52.340
52.650
52.950
53.260
53.570
53.880
54.180
54.480
54.780
55.070
55.390
55.700
56.000
56.310
56.610
56.920
57.220
57.520
57.830
58.130
58.450
58.750
59.050
59.350
59.650
59.960
60.260
60.550
60.850
61.150
61.460
61.750
62.050
62.350
62.650
62.950
63.260
63.540
63.840
64.140
64.440
64.740
65.030
65.330
65.630
65.940
66.230
66.530
66.810
67.110
67.420
67.710
68.010
68.320
68.610
68.900
69.190
69.480
69.790
70.080
70.380
70.680
70.970
71.260
71.560
71.860
72.160
72.450
72.750
73.060
73.340
73.630
73.930
74.210
74.520
74.810
75.110
75.410
75.700
76.000
76.290
76.570
76.870
77.170
77.470
77.770
78.080
78.370
78.670
78.980
79.280
79.570
79.880
80.180
80.490
80.790
81.080
81.390
81.690
81.980
82.290
82.600
82.910
83.210
83.500
83.810
84.110
84.400
84.710
85.000
85.310
85.610
85.900
86.210
86.500
86.810
87.110
87.400
87.710
88.010
88.310
88.610
88.920
89.230
89.530
89.840
90.140
90.430
90.730
91.030
91.330
91.630
91.930
92.240
92.540
92.840
93.150
93.450
93.760
94.070
94.370
94.670
94.970
95.270
95.570
95.880
96.180
96.480
96.770
97.070
97.390
97.690
98.000
98.310
98.610
98.910
99.210
99.510
99.810
100.110
100.420
100.720
101.020
101.330
101.630
101.940
102.240
102.540
102.850
103.140
103.450
103.750
104.060
104.370
104.670
104.970
105.270
105.570
105.880
106.190
106.500
106.810
107.120
107.420
107.730
108.040
108.350
108.660
108.960
109.260
109.560
109.870
110.170
110.470
110.750
111.040
111.330
111.630
111.930
112.230
112.530
112.830
113.130
113.430
113.720
114.030
114.340
114.650
114.960
115.270
115.580
115.890
116.210
116.510
116.820
117.140
117.440
117.750
118.070
118.370
118.690
