0.220
0.710
1.200
1.710
2.220
2.690
3.170
3.660
4.150
4.620
5.110
5.600
6.110
6.580
7.070
7.590
8.110
8.650
9.150
9.650
10.140
10.630
11.120
11.620
12.110
12.600
13.090
13.590
14.070
14.560
15.050
15.550
16.050
16.540
17.020
17.520
18.010
18.510
19.000
19.500
20.000
20.500
20.990
21.480
21.980
22.480
22.980
23.460
23.970
24.440
24.940
25.440
25.930
26.420
26.900
27.400
27.900
28.390
28.860
29.370
29.860
30.330
30.820
31.310
31.810
32.290
32.790
33.290
33.790
34.290
34.780
35.280
35.780
36.270
36.760
37.270
37.780
38.270
38.760
39.260
39.760
40.240
40.730
41.250
41.750
42.250
42.760
43.270
43.790
44.260
44.750
45.240
45.750
46.230
46.730
47.220
47.730
48.210
48.700
49.210
49.700
50.190
50.680
51.180
51.680
52.160
52.650
53.140
53.650
54.130
54.620
55.110
55.620
56.100
56.600
57.080
57.600
58.090
58.590
59.080
59.610
60.090
60.570
61.080
61.580
62.080
62.570
63.060
63.570
64.070
64.560
65.050
65.570
66.060
66.540
67.060
67.550
68.060
68.560
69.050
69.550
70.040
70.540
71.040
71.550
72.060
72.560
73.060
73.550
74.030
74.520
75.030
75.520
76.050
76.540
77.060
77.550
78.050
78.550
79.050
79.560
80.050
80.550
81.040
81.550
82.030
82.520
83.020
83.530
84.010
84.500
85.010
85.510
85.990
86.480
86.980
87.500
87.970
88.470
88.960
89.470
89.950
90.460
90.950
91.450
91.940
92.440
92.930
93.450
93.950
94.450
94.950
95.450
95.940
96.430
96.940
97.460
97.930
98.420
98.940
99.430
99.910
100.390
100.910
101.400
101.910
102.410
102.910
103.400
103.890
104.390
104.890
105.380
105.880
106.380
106.880
107.380
107.870
108.350
108.870
109.360
109.880
110.380
110.890
111.390
111.880
112.360
112.870
113.380
113.860
114.360
114.850
115.370
115.840
116.320
116.830
117.330
117.810
118.300
118.810
119.310
119.790
120.270
120.770
121.290
121.760
122.260
122.760
123.250
123.740
124.230
124.730
125.230
125.720
126.210
126.700
127.190
127.690
128.180
128.690
129.180
129.670
130.170
130.670
131.170
131.660
132.160
132.670
133.150
133.650
134.130
134.630
135.110
135.610
136.100
136.600
137.080
137.560
138.060
138.550
139.060
139.540
140.030
140.520
141.040
141.530
142.040
142.500
143.000
143.470
143.940
144.420
144.900
145.400
145.880
146.360
146.840
147.320
