0.460
0.920
1.400
1.850
2.310
2.770
3.230
3.680
4.150
4.620
5.070
5.560
6.010
6.490
6.930
7.400
7.850
8.330
8.800
9.270
9.730
10.210
10.680
11.160
11.640
12.110
12.580
13.050
13.520
14.000
14.480
14.950
15.410
15.890
16.360
16.820
17.290
17.770
18.250
18.720
19.190
19.670
20.140
20.610
21.080
21.550
22.010
22.480
22.950
23.420
23.900
24.370
24.840
25.330
25.810
26.270
26.740
27.220
27.690
28.170
28.650
29.130
29.600
30.080
30.550
31.040
31.510
31.990
32.460
32.950
33.420
33.890
34.370
34.850
35.330
35.810
36.270
36.750
37.230
37.700
38.170
38.650
39.120
39.590
40.070
40.550
41.020
41.500
41.970
42.450
42.930
43.390
43.870
44.350
44.810
45.280
45.760
46.250
46.730
47.200
47.670
48.170
48.620
49.090
49.570
50.050
50.540
51.000
51.480
51.950
52.420
52.900
53.390
53.860
54.340
54.810
55.290
55.780
56.270
56.740
57.220
57.700
58.170
58.660
59.140
59.620
60.100
60.580
61.060
61.540
62.020
62.490
62.970
63.440
63.900
64.370
64.860
65.350
65.840
66.320
66.800
67.290
67.760
68.250
68.720
69.210
69.680
70.160
70.650
71.140
71.610
72.100
72.580
73.070
73.540
74.030
74.510
74.990
75.470
75.960
76.440
76.930
77.430
77.900
78.390
78.880
79.360
79.850
80.330
80.830
81.300
81.780
82.260
82.760
83.240
83.720
84.200
84.690
85.180
85.660
86.140
86.640
87.130
87.610
88.090
88.580
89.070
89.560
90.030
90.530
91.010
91.490
91.970
92.470
92.950
93.450
93.930
94.420
94.910
95.390
95.870
96.360
96.850
97.330
97.810
98.300
98.780
99.250
99.740
100.220
100.700
101.190
101.680
102.160
102.650
103.140
103.630
104.110
104.590
105.070
105.540
106.050
106.520
107.010
107.500
107.980
108.450
108.940
109.420
109.900
110.360
110.840
111.330
111.830
112.300
112.790
113.260
113.740
114.230
114.710
115.190
115.680
116.160
116.640
117.120
117.600
118.090
118.580
119.050
119.530
120.010
120.480
120.960
121.460
121.950
122.420
122.900
123.400
123.860
124.360
124.840
125.320
125.780
126.280
126.760
127.240
127.720
128.180
