0.450
0.930
1.390
1.840
2.280
2.750
3.180
3.640
4.080
4.540
4.990
5.430
5.880
6.340
6.800
7.270
7.730
8.180
8.640
9.090
9.540
9.990
10.460
10.910
11.370
11.810
12.280
12.720
13.190
13.640
14.090
14.550
15.010
15.490
15.940
16.400
16.870
17.340
17.800
18.260
18.720
19.190
19.640
20.110
20.580
21.050
21.510
21.980
22.440
22.910
23.370
23.830
24.290
24.740
25.200
25.660
26.130
26.580
27.060
27.510
27.940
28.410
28.880
29.330
29.790
30.240
30.710
31.160
31.620
32.070
32.540
32.990
33.430
33.880
34.340
34.820
35.280
35.730
36.200
36.660
37.120
37.590
38.060
38.530
38.990
39.460
39.930
40.400
40.860
41.330
41.800
42.280
42.730
43.200
43.670
44.140
44.610
45.070
45.540
46.000
46.470
46.920
47.400
47.850
48.320
48.760
49.250
49.710
50.180
50.640
51.100
51.560
52.020
52.480
52.930
53.410
53.870
54.320
54.780
55.240
55.700
56.150
56.630
57.090
57.560
58.020
58.500
58.960
59.430
59.910
60.380
60.860
61.310
61.790
62.260
62.730
63.190
63.680
64.140
64.630
65.090
65.570
66.030
66.500
66.950
67.420
67.900
68.350
68.820
69.280
69.750
70.210
70.680
71.130
71.610
72.070
72.530
73.010
73.470
73.930
74.400
74.850
75.330
75.790
76.260
76.710
77.190
77.650
78.120
78.580
79.040
79.530
79.990
80.470
80.930
81.410
81.870
82.320
82.800
83.250
83.730
84.190
84.660
85.130
85.600
86.050
86.530
86.970
87.460
87.910
88.390
88.830
89.300
89.760
90.240
90.700
91.170
91.630
92.110
92.570
93.030
93.500
93.970
94.430
94.880
95.350
95.820
96.290
96.760
97.240
97.720
98.200
98.680
99.160
99.620
100.100
100.570
101.060
101.530
102.000
102.480
102.950
103.420
103.870
104.360
104.810
105.300
105.750
106.220
106.680
107.150
107.600
108.080
108.530
109.010
109.460
109.930
110.390
110.850
111.330
111.810
112.260
112.730
113.190
113.650
114.110
114.580
115.040
115.500
115.970
116.440
116.910
117.380
117.830
118.310
118.770
119.220
119.700
120.170
120.630
121.100
121.570
122.040
122.510
122.970
123.430
123.900
124.370
124.830
125.290
125.770
126.230
126.690
127.140
127.620
128.090
128.550
129.010
129.480
129.940
130.390
130.860
131.320
131.800
132.270
132.730
133.200
133.660
134.120
134.590
135.050
135.530
136.000
136.460
136.930
137.400
137.870
138.340
138.810
139.290
139.730
140.210
140.670
141.130
141.610
142.090
142.540
143.020
143.480
143.950
144.420
144.890
145.350
145.810
146.290
146.760
147.220
147.690
148.160
148.630
149.090
149.560
150.030
150.500
150.950
151.420
151.890
152.340
152.820
153.290
153.760
154.230
154.690
155.160
155.630
156.100
156.560
157.020
157.490
157.970
158.430
158.900
159.370
159.840
160.310
160.770
161.240
161.720
162.180
162.680
163.160
163.620
164.120
164.580
165.060
165.540
166.020
166.500
166.980
