0.420
0.920
1.400
1.880
2.340
2.830
3.330
3.830
4.310
4.770
5.230
5.700
6.190
6.680
7.160
7.640
8.140
8.630
9.120
9.610
10.100
10.600
11.080
11.570
12.060
12.550
13.030
13.530
14.020
14.510
15.000
15.490
15.990
16.480
16.950
17.430
17.900
18.400
18.870
19.340
19.830
20.310
20.780
21.280
21.750
22.240
22.730
23.220
23.700
24.170
24.680
25.160
25.640
26.140
26.630
27.110
27.580
28.070
28.570
29.060
29.540
30.030
30.530
31.010
31.500
31.980
32.460
32.950
33.460
33.940
34.420
34.920
35.400
35.890
36.380
36.880
37.370
37.870
38.350
38.860
39.350
39.840
40.330
40.840
41.320
41.820
42.320
42.800
43.310
43.790
44.280
44.770
45.260
45.750
46.250
46.730
47.230
47.720
48.210
48.710
49.180
49.670
50.150
50.650
51.130
51.600
52.080
52.580
53.070
53.570
54.050
54.530
55.020
55.490
56.000
56.480
56.980
57.460
57.960
58.450
58.940
59.430
59.920
60.420
60.890
61.390
61.880
62.380
62.860
63.350
63.830
64.340
64.830
65.330
65.850
66.330
66.800
67.290
67.760
68.280
68.750
69.270
69.750
70.250
70.740
71.220
71.720
72.210
72.700
73.190
73.680
74.170
74.650
75.150
75.650
76.120
76.610
77.100
77.600
78.080
78.580
79.060
79.550
80.040
80.520
81.000
81.480
81.990
82.490
82.960
83.450
83.950
84.440
84.940
85.430
85.910
86.390
86.890
87.370
87.880
88.350
88.860
89.350
89.830
90.320
90.810
91.290
91.790
92.270
92.760
93.270
93.740
94.230
94.730
95.220
95.710
96.210
96.700
97.190
97.670
98.160
98.650
99.120
99.620
100.100
100.610
101.090
101.590
102.070
102.560
103.050
103.550
104.040
104.520
105.010
105.500
106.020
106.490
106.990
107.470
107.960
108.460
108.950
109.450
109.950
110.440
110.920
111.410
111.890
112.380
112.870
113.370
113.840
114.300
114.800
115.310
115.790
116.280
116.790
117.270
117.740
118.240
118.720
119.210
119.700
120.210
120.700
121.190
121.670
122.150
122.650
123.150
123.620
124.120
124.620
125.100
125.590
126.080
126.570
127.070
127.560
128.040
128.550
129.010
129.500
130.030
130.540
131.050
131.540
132.020
132.520
133.000
133.500
133.990
134.480
134.960
135.450
135.950
136.440
136.920
137.420
137.900
138.390
138.880
139.380
139.850
140.320
140.830
141.320
141.810
142.290
142.790
143.270
143.760
144.250
144.750
145.220
145.710
146.190
146.670
147.130
147.610
148.110
148.590
149.070
149.530
150.030
