0.450
1.120
1.730
2.410
3.040
3.730
4.380
5.030
5.670
6.320
7.000
7.660
8.290
8.950
9.620
10.280
10.950
11.590
12.260
12.910
13.550
14.220
14.890
15.560
16.220
16.860
17.530
18.170
18.800
19.480
20.130
20.780
21.410
22.070
22.560
23.080
23.580
24.020
24.330
24.670
24.990
25.340
25.660
26.000
26.330
26.660
27.000
27.340
27.670
28.010
28.320
28.650
29.000
29.320
29.670
29.990
30.350
30.690
31.020
31.350
31.660
31.990
32.350
32.670
33.010
33.370
33.710
34.020
34.370
34.680
35.030
35.360
35.690
36.000
36.330
36.660
36.990
37.340
37.670
38.010
38.350
38.680
39.010
39.330
39.660
40.010
40.340
40.650
41.000
41.350
41.660
41.990
42.320
42.660
43.000
43.320
43.640
43.960
44.270
44.600
44.940
45.270
45.600
45.940
46.260
46.610
46.930
47.260
47.590
47.930
48.250
48.600
48.950
49.280
49.620
49.960
50.290
50.620
50.960
51.300
51.620
51.960
52.290
52.610
52.950
53.290
53.620
53.980
54.320
54.650
54.970
55.300
55.640
55.970
56.310
56.630
56.970
57.310
57.640
58.000
58.340
58.670
59.020
59.360
59.690
60.040
60.370
60.700
61.030
61.350
61.710
62.050
62.410
62.750
63.090
63.410
63.770
64.110
64.450
64.790
65.120
65.470
65.800
66.140
66.490
66.820
67.160
67.500
67.830
68.180
68.520
68.850
69.180
69.490
69.820
70.180
70.510
70.860
71.180
71.530
71.850
72.190
72.520
72.860
73.200
73.540
73.870
74.200
74.560
74.900
75.230
75.560
75.900
76.240
76.600
76.940
77.270
77.600
77.950
78.290
78.620
78.980
79.310
79.650
80.000
80.330
80.680
81.020
81.370
81.700
82.060
82.410
82.760
83.090
83.430
83.770
84.110
84.430
84.780
85.110
85.440
85.790
86.130
86.450
86.800
87.140
87.470
87.820
88.160
88.490
88.840
89.190
89.520
89.870
90.210
90.530
90.870
91.220
91.550
91.880
92.210
92.530
92.880
93.220
93.550
93.890
94.230
94.570
94.930
95.270
95.600
95.940
96.270
96.630
96.960
97.290
97.650
97.970
98.290
98.630
98.980
99.310
99.660
100.000
100.350
100.690
101.030
101.360
101.690
102.050
102.390
102.710
103.070
103.410
103.750
104.070
104.440
104.790
105.140
105.480
105.820
106.160
106.480
106.840
107.180
107.520
107.840
108.210
108.540
108.900
109.240
109.570
109.930
110.250
110.590
110.950
111.310
111.640
111.970
112.330
112.660
113.000
113.330
113.680
114.010
114.360
114.700
115.050
115.380
115.730
116.050
116.390
116.730
117.060
117.420
117.760
118.080
118.440
118.770
119.110
119.430
119.740
120.060
120.390
120.700
121.020
121.350
121.660
121.990
122.300
122.620
122.940
123.260
123.590
123.900
124.230
124.550
124.860
125.190
