0.490
1.000
1.490
2.020
2.510
2.990
3.480
3.970
4.480
4.990
5.500
6.000
6.500
7.000
7.510
8.020
8.520
9.040
9.560
10.060
10.580
11.080
11.600
12.090
12.550
13.060
13.570
14.070
14.580
15.100
15.600
16.120
16.630
17.140
17.650
18.160
18.670
19.170
19.690
20.190
20.660
21.180
21.700
22.200
22.710
23.230
23.750
24.260
24.770
25.290
25.800
26.320
26.830
27.340
27.860
28.340
28.830
29.350
29.850
30.360
30.870
31.380
31.910
32.400
32.910
33.420
33.900
34.400
34.910
35.400
35.890
36.410
36.910
37.430
37.940
38.450
38.970
39.470
39.960
40.450
40.960
41.470
41.970
42.480
42.980
43.500
44.020
44.520
45.040
45.550
46.060
46.570
47.100
47.610
48.120
48.640
49.150
49.670
50.190
50.700
51.210
51.740
52.250
52.750
53.290
53.810
54.340
54.850
55.370
55.890
56.420
56.920
57.410
57.930
58.460
58.970
59.490
60.000
60.520
61.040
61.560
62.090
62.600
63.120
63.640
64.170
64.680
65.190
65.660
66.170
66.690
67.210
67.720
68.240
68.760
69.280
69.800
70.320
70.820
71.340
71.860
72.360
72.880
73.380
73.880
74.420
74.900
75.420
75.940
76.450
76.950
77.450
77.960
78.470
78.980
79.470
79.990
80.520
81.040
81.550
82.090
82.620
83.150
83.660
84.190
84.720
85.230
85.730
86.260
86.780
87.300
87.810
88.330
88.840
89.350
89.900
90.400
90.930
91.450
91.960
92.480
93.000
93.520
94.030
94.550
95.090
95.610
96.120
96.660
97.180
97.710
98.230
98.760
99.270
99.790
100.320
100.840
101.360
101.890
102.380
102.880
103.400
103.940
104.440
104.970
105.500
106.020
106.530
107.070
107.600
108.140
108.660
109.190
109.720
110.250
110.750
111.260
111.800
112.330
112.860
113.370
113.890
114.420
114.940
115.490
116.010
116.540
117.060
117.600
118.130
118.660
119.160
119.720
120.260
120.790
121.300
121.850
122.380
122.910
123.410
123.940
124.480
124.970
125.500
126.030
126.540
127.040
127.550
128.060
128.610
129.110
129.640
130.150
130.650
131.160
131.660
132.170
132.700
133.220
133.700
134.240
134.740
135.270
135.780
136.340
136.860
137.390
137.900
138.440
138.970
139.490
140.050
140.570
141.080
141.610
142.130
142.670
143.190
143.710
144.220
144.760
145.280
145.830
146.330
146.880
147.400
147.910
148.410
148.910
149.460
149.990
150.500
151.030
151.570
152.100
152.620
153.140
153.670
154.200
154.730
155.270
155.790
156.320
156.850
157.370
157.910
158.440
158.970
159.500
160.030
160.560
161.070
161.590
162.100
162.640
163.160
163.660
164.220
164.750
165.240
165.740
166.290
166.830
167.360
167.880
168.410
168.940
169.480
170.010
170.540
171.090
171.610
172.150
172.680
173.210
173.740
174.280
174.820
175.350
175.880
176.410
176.940
177.470
177.980
178.510
179.060
179.570
180.100
180.630
181.130
181.640
182.150
182.660
183.210
183.720
184.270
184.810
185.310
185.810
186.320
186.830
187.370
187.890
188.400
188.930
189.450
189.980
190.510
191.020
191.560
192.070
192.600
193.120
193.650
194.190
194.680
195.180
195.710
196.230
196.760
197.290
197.810
198.310
198.790
199.250
199.730
200.210
200.690
201.170
201.650
202.130
