0.450
1.000
1.520
2.060
2.520
3.010
3.500
3.960
4.450
4.990
5.480
6.030
6.550
7.050
7.580
8.120
8.690
9.180
9.690
10.190
10.700
11.190
11.690
12.200
12.700
13.200
13.710
14.210
14.710
15.210
15.690
16.180
16.690
17.180
17.690
18.180
18.680
19.180
19.670
20.180
20.670
21.170
21.660
22.150
22.650
23.130
23.630
24.120
24.610
25.100
25.600
26.100
26.590
27.080
27.570
28.060
28.550
29.030
29.530
30.030
30.520
31.020
31.490
31.960
32.440
32.950
33.430
33.930
34.430
34.920
35.400
35.920
36.410
36.910
37.410
37.900
38.390
38.890
39.380
39.890
40.390
40.880
41.370
41.870
42.370
42.860
43.350
43.840
44.330
44.820
45.310
45.800
46.300
46.780
47.270
47.750
48.210
48.710
49.210
49.710
50.200
50.710
51.210
51.700
52.200
52.690
53.180
53.670
54.170
54.670
55.170
55.670
56.150
56.650
57.150
57.650
58.140
58.640
59.130
59.630
60.110
60.600
61.110
61.610
62.100
62.600
63.080
63.540
64.030
64.540
65.030
65.540
66.040
66.530
67.030
67.520
68.020
68.520
69.020
69.510
70.010
70.510
70.990
71.500
71.990
72.490
72.990
73.480
73.970
74.450
74.950
75.450
75.950
76.430
76.940
77.440
77.930
78.410
78.890
79.370
79.840
80.350
80.850
81.350
81.850
82.340
82.840
83.340
83.840
84.340
84.830
85.320
85.830
86.340
86.830
87.340
87.830
88.340
88.840
89.330
89.820
90.320
90.820
91.320
91.820
92.310
92.800
93.290
93.800
94.280
94.780
95.260
95.720
96.200
96.700
97.200
97.680
98.190
98.670
99.180
99.670
100.170
100.660
101.160
101.650
102.150
102.640
103.130
103.630
104.130
104.630
105.120
105.620
106.120
106.630
107.120
107.620
108.110
108.610
109.100
109.610
110.090
110.560
111.040
111.510
112.000
112.490
112.990
113.480
113.980
114.470
114.970
115.460
115.950
116.460
116.950
117.460
117.940
118.430
118.940
119.430
119.920
120.430
120.930
121.420
121.920
122.420
122.930
123.420
123.920
124.420
124.920
125.420
125.910
126.400
126.880
127.350
127.840
128.340
128.840
129.330
129.820
130.320
130.820
131.310
131.810
132.290
132.800
133.300
133.800
134.290
134.790
135.290
135.800
136.290
136.790
137.280
137.770
138.260
138.760
139.250
139.740
140.240
140.740
141.240
141.730
142.220
142.700
143.180
143.690
144.170
144.670
145.170
145.670
146.150
146.660
147.140
147.650
148.150
148.640
149.150
149.650
150.140
150.630
151.120
151.610
152.120
152.610
153.100
153.600
154.100
154.590
155.090
155.600
156.100
156.610
157.120
157.630
158.120
158.600
159.060
159.540
160.040
160.520
160.980
161.460
161.940
162.420
162.920
163.400
163.860
