0.430
0.890
1.350
1.840
2.290
2.740
3.220
3.680
4.120
4.580
5.050
5.500
5.950
6.420
6.870
7.320
7.790
8.250
8.720
9.160
9.640
10.110
10.560
11.010
11.480
11.940
12.370
12.840
13.300
13.770
14.220
14.680
15.140
15.610
16.070
16.510
16.990
17.470
17.940
18.390
18.850
19.320
19.790
20.260
20.730
21.200
21.660
22.120
22.580
23.050
23.510
23.970
24.440
24.910
25.360
25.830
26.280
26.740
27.190
27.630
28.100
28.560
29.000
29.460
29.900
30.370
30.800
31.250
31.730
32.180
32.610
33.060
33.520
33.980
34.430
34.880
35.310
35.780
36.240
36.700
37.160
37.610
38.070
38.540
38.990
39.460
39.930
40.400
40.850
41.310
41.790
42.250
42.700
43.170
43.630
44.070
44.540
45.010
45.480
45.950
46.410
46.890
47.350
47.810
48.270
48.740
49.210
49.670
50.140
50.630
51.080
51.530
52.000
52.480
52.940
53.400
53.870
54.360
54.800
55.280
55.750
56.210
56.670
57.150
57.620
58.100
58.570
59.020
59.490
59.970
60.430
60.900
61.370
61.850
62.330
62.790
63.240
63.700
64.160
64.610
65.090
65.540
66.010
66.470
66.910
67.350
67.820
68.260
68.730
69.190
69.640
70.100
70.550
71.020
71.470
71.930
72.370
72.830
73.300
73.740
74.200
74.660
75.130
75.590
76.050
76.510
76.970
77.460
77.920
78.370
78.840
79.300
79.750
80.210
80.690
81.140
81.600
82.090
82.550
82.990
83.460
83.950
84.390
84.850
85.320
85.810
86.260
86.710
87.170
87.650
88.120
88.570
89.040
89.500
89.990
90.460
90.920
91.390
91.870
92.340
92.820
93.300
93.750
94.220
94.700
95.160
95.610
96.100
96.560
97.040
97.530
97.980
98.450
98.940
99.410
99.870
100.330
100.820
101.270
101.730
102.200
102.650
103.120
103.560
104.010
104.480
104.940
105.390
105.860
106.320
106.750
107.210
107.650
108.100
108.570
109.010
109.460
109.920
110.390
110.840
111.300
111.750
112.230
112.670
113.140
113.600
114.070
114.520
114.970
115.430
115.900
116.360
116.820
117.290
117.740
118.210
118.640
119.090
119.550
120.010
120.460
120.900
121.340
121.790
122.250
122.710
123.170
123.630
124.100
124.550
125.020
125.490
125.950
126.420
126.880
127.340
127.780
128.230
128.700
129.150
129.570
130.010
130.480
130.920
131.390
131.840
132.310
132.760
133.220
133.680
134.130
134.590
135.050
135.510
136.000
136.460
136.940
137.420
137.900
138.380
138.860
