0.420
0.940
1.440
1.930
2.420
2.920
3.430
3.920
4.430
4.910
5.440
5.960
6.470
6.950
7.470
7.990
8.520
9.080
9.600
10.100
10.610
11.130
11.640
12.160
12.670
13.190
13.710
14.230
14.730
15.270
15.780
16.280
16.800
17.330
17.850
18.340
18.850
19.360
19.880
20.400
20.900
21.430
21.950
22.460
22.970
23.480
24.000
24.510
25.000
25.540
26.040
26.540
27.060
27.570
28.090
28.590
29.090
29.610
30.130
30.640
31.140
31.670
32.190
32.690
33.200
33.720
34.260
34.760
35.270
35.770
36.300
36.790
37.290
37.800
38.310
38.800
39.330
39.830
40.350
40.850
41.360
41.860
42.380
42.860
43.390
43.880
44.390
44.880
45.390
45.890
46.410
46.900
47.410
47.920
48.440
48.940
49.450
49.960
50.480
50.980
51.490
52.020
52.530
53.050
53.530
54.060
54.570
55.070
55.580
56.090
56.600
57.100
57.590
58.120
58.630
59.130
59.630
60.140
60.660
61.150
61.640
62.160
62.670
63.160
63.650
64.180
64.690
65.190
65.690
66.220
66.720
67.210
67.720
68.210
68.720
69.230
69.720
70.250
70.740
71.240
71.750
72.270
72.770
73.270
73.760
74.290
74.790
75.290
75.800
76.310
76.820
77.300
77.810
78.340
78.860
79.360
79.860
80.370
80.880
81.390
81.900
82.390
82.910
83.420
83.920
84.420
84.940
85.430
85.930
86.460
86.950
87.450
87.950
88.460
88.960
89.460
89.950
90.470
90.980
91.490
91.980
92.490
93.020
93.520
94.000
94.520
95.020
95.520
96.020
96.530
97.050
97.550
98.050
98.570
99.070
99.570
100.070
100.590
101.090
101.600
102.110
102.620
103.120
103.630
104.140
104.640
105.140
105.650
106.150
106.670
107.170
107.670
108.180
108.690
109.210
109.680
110.200
110.720
111.220
111.740
112.240
112.740
113.260
113.760
114.280
114.770
115.290
115.800
116.300
116.820
117.340
117.840
118.360
118.900
119.440
119.970
120.500
121.010
121.580
122.110
122.640
123.170
123.730
124.240
124.780
125.320
125.860
126.400
126.900
127.460
128.000
128.540
129.060
129.620
130.160
130.720
131.260
131.790
132.350
132.880
133.420
133.960
134.510
135.030
135.580
136.120
136.680
137.200
137.720
138.260
138.810
139.360
139.890
140.440
140.980
141.530
142.080
142.630
143.170
143.690
144.240
144.820
145.370
145.910
146.450
146.980
147.540
148.100
148.640
149.200
149.750
150.300
150.830
151.380
151.930
152.480
153.030
153.600
154.140
154.680
155.210
155.750
156.300
156.850
157.380
157.950
158.480
159.040
159.580
160.140
160.730
161.290
161.850
