0.150
0.470
0.790
1.100
1.430
1.750
2.060
2.370
2.680
2.970
3.280
3.580
3.890
4.200
4.500
4.810
5.110
5.420
5.720
6.040
6.350
6.660
6.960
7.280
7.580
7.890
8.200
8.510
8.820
9.130
9.440
9.750
10.050
10.350
10.660
10.970
11.280
11.580
11.890
12.200
12.500
12.810
13.110
13.420
13.730
14.040
14.340
14.660
14.970
15.280
15.580
15.900
16.200
16.520
16.820
17.140
17.450
17.760
18.050
18.370
18.680
18.990
19.290
19.600
19.920
20.220
20.530
20.850
21.160
21.470
21.770
22.090
22.400
22.700
23.010
23.330
23.640
23.950
24.250
24.560
24.880
25.180
25.490
25.810
26.120
26.430
26.730
27.050
27.360
27.660
27.980
28.290
28.600
28.900
29.210
29.520
29.830
30.140
30.450
30.760
31.070
31.380
31.690
32.000
32.310
32.620
32.930
33.250
33.550
33.860
34.170
34.490
34.800
35.100
35.410
35.730
36.040
36.360
36.660
36.980
37.280
37.590
37.900
38.220
38.520
38.840
39.140
39.460
39.770
40.070
40.390
40.700
41.020
41.330
41.650
41.980
42.290
42.600
42.910
43.230
43.530
43.850
44.160
44.480
44.790
45.100
45.410
45.720
46.040
46.350
46.660
46.960
47.280
47.590
47.900
48.210
48.520
48.830
49.130
49.450
49.760
50.070
50.380
50.690
51.000
51.310
51.610
51.930
52.230
52.540
52.850
53.170
53.470
53.770
54.080
54.390
54.690
55.010
55.320
55.620
55.940
56.250
56.550
56.860
57.160
57.470
57.780
58.090
58.400
58.710
59.010
59.330
59.630
59.940
60.260
60.560
60.870
61.180
61.490
61.800
62.110
62.420
62.730
63.040
63.340
63.660
63.960
64.270
64.580
64.890
65.200
65.520
65.830
66.140
66.440
66.750
67.050
67.360
67.680
67.990
68.300
68.610
68.910
69.220
69.530
69.840
70.150
70.470
70.780
71.090
71.390
71.710
72.020
72.320
72.630
72.950
73.260
73.580
73.890
74.220
74.520
74.830
75.140
75.450
75.770
76.070
76.380
76.700
77.000
77.310
77.620
77.940
78.250
78.560
78.860
79.180
79.490
79.790
80.100
80.410
80.720
81.020
81.330
81.640
81.950
82.250
82.560
82.870
83.180
83.500
83.800
84.120
84.430
84.730
85.040
85.360
85.670
85.980
86.280
86.600
86.910
87.210
87.520
87.840
88.140
88.460
88.760
89.080
89.390
89.690
90.000
90.310
90.620
90.910
91.210
91.520
91.810
92.130
92.440
92.750
93.060
93.370
93.670
93.980
94.300
94.600
94.910
95.230
95.520
95.830
96.140
96.450
96.760
97.070
97.370
97.690
98.000
98.300
98.610
98.920
99.220
99.520
99.830
100.130
100.430
100.730
101.040
101.350
101.670
101.970
102.280
102.580
102.880
103.180
103.480
103.790
104.100
104.410
104.720
105.030
105.340
105.640
105.950
106.270
106.570
106.890
107.200
107.510
107.820
108.130
108.440
108.750
109.060
109.360
109.670
109.980
110.280
110.580
110.880
111.180
111.500
111.810
112.120
112.430
112.740
113.050
113.350
113.660
113.980
114.290
114.590
114.910
115.220
115.540
115.860
116.170
116.480
116.790
117.100
117.420
117.730
118.030
118.340
118.660
118.960
119.280
119.580
119.890
120.200
120.520
120.820
121.140
121.450
121.750
122.070
122.370
122.680
122.990
123.300
123.610
123.920
124.230
124.540
124.850
125.150
125.460
125.760
126.070
126.380
126.690
127.000
127.310
127.610
127.930
128.230
128.540
128.840
129.140
129.450
129.760
130.070
130.380
130.680
131.000
131.310
131.610
131.920
132.240
132.540
132.860
133.160
133.470
133.780
134.090
134.400
134.710
135.020
135.320
135.630
135.940
136.250
136.550
136.860
137.180
137.490
137.790
138.110
138.420
138.720
139.030
139.340
139.650
139.970
140.260
140.570
140.870
141.180
141.490
141.810
142.120
142.430
142.740
143.050
143.360
143.670
143.970
144.280
144.590
144.900
145.200
145.510
145.820
146.130
146.430
146.750
147.050
147.370
147.680
147.980
148.290
148.610
148.910
149.210
149.530
149.830
150.140
150.450
150.760
151.080
151.380
151.690
152.010
152.320
152.620
152.920
153.230
153.550
153.850
154.160
154.470
154.790
155.090
155.380
155.690
156.010
156.310
156.630
156.930
157.240
157.550
157.860
158.170
158.480
158.790
159.100
159.410
159.720
160.030
160.340
160.650
160.970
161.270
161.580
161.900
162.200
162.520
162.830
163.150
163.470
163.780
164.100
164.420
164.740
165.070
165.390
165.710
166.030
166.340
166.660
166.990
167.300
167.630
167.940
168.270
168.590
168.900
169.220
169.550
169.860
170.180
170.510
