0.440
1.080
1.720
2.350
3.000
3.630
4.240
4.860
5.500
6.130
6.760
7.390
8.010
8.630
9.260
9.880
10.510
11.130
11.780
12.380
13.030
13.630
14.280
14.860
15.500
16.110
16.710
17.320
17.970
18.610
19.220
19.830
20.460
21.080
21.710
22.330
22.920
23.550
24.170
24.810
25.410
26.050
26.650
27.290
27.890
28.520
29.130
29.760
30.360
31.000
31.600
32.260
32.880
33.500
34.120
34.760
35.380
36.000
36.630
37.260
37.900
38.530
39.150
39.760
40.390
41.020
41.660
42.270
42.900
43.510
44.140
44.750
45.390
46.030
46.630
47.260
47.880
48.500
49.110
49.750
50.390
51.020
51.640
52.270
52.870
53.520
54.140
54.790
55.390
56.020
56.640
57.280
57.870
58.520
59.130
59.760
60.350
60.980
61.610
62.240
62.850
63.480
64.090
64.690
65.330
65.960
66.590
67.190
67.810
68.440
69.060
69.680
70.310
70.930
71.550
72.160
72.770
73.390
74.000
74.590
75.210
75.820
76.430
77.040
77.640
78.250
78.850
79.450
80.080
80.700
81.300
81.920
82.510
83.140
83.760
84.390
85.000
85.630
86.230
86.870
87.470
88.080
88.710
89.330
89.940
90.570
91.190
91.830
92.440
93.070
93.670
94.300
94.910
95.540
96.170
96.800
97.420
98.020
98.640
99.270
99.900
100.530
101.160
101.770
102.410
103.000
103.630
104.240
104.890
105.510
106.110
106.740
107.380
108.000
108.620
109.260
109.880
110.530
111.150
111.760
112.350
113.000
113.600
114.230
114.840
115.460
116.080
116.700
117.290
117.930
118.530
119.160
119.760
120.390
120.990
121.630
122.250
122.850
123.470
124.090
124.730
125.350
126.000
126.600
127.260
127.860
128.490
129.150
129.790
130.420
131.040
131.660
132.280
132.880
133.510
134.120
134.740
135.360
135.990
136.610
137.250
137.860
138.490
139.110
139.750
140.360
141.010
141.640
142.280
142.860
143.490
144.080
144.710
145.310
145.940
146.540
147.180
147.780
148.400
149.010
149.630
150.280
150.880
151.490
152.140
152.730
153.350
