0.080
0.400
0.750
1.100
1.440
1.780
2.100
2.430
2.780
3.110
3.460
3.820
4.150
4.490
4.820
5.180
5.500
5.850
6.180
6.540
6.870
7.220
7.560
7.930
8.270
8.630
8.980
9.350
9.680
10.030
10.380
10.710
11.060
11.410
11.770
12.110
12.440
12.790
13.150
13.490
13.830
14.200
14.540
14.890
15.230
15.580
15.940
16.280
16.640
17.000
17.340
17.700
18.040
18.410
18.770
19.100
19.450
19.800
20.160
20.500
20.830
21.200
21.540
21.880
22.230
22.570
22.920
23.280
23.610
23.960
24.320
24.670
25.000
25.340
25.700
26.040
26.380
26.720
27.070
27.430
27.770
28.120
28.460
28.820
29.160
29.520
29.860
30.210
30.540
30.900
31.240
31.590
31.930
32.290
32.620
32.980
33.310
33.670
34.030
34.380
34.710
35.060
35.410
35.740
36.090
36.450
36.790
37.130
37.480
37.840
38.180
38.550
38.880
39.240
39.590
39.930
40.270
40.620
40.970
41.310
41.650
42.010
42.360
42.720
43.050
43.410
43.740
44.080
44.430
44.800
45.140
45.490
45.830
46.190
46.530
46.890
47.230
47.580
47.930
48.300
48.630
48.990
49.340
49.700
50.030
50.390
50.740
51.100
51.450
51.800
52.140
52.480
52.830
53.190
53.540
53.890
54.230
54.590
54.930
55.300
55.650
56.000
56.340
56.700
57.040
57.390
57.730
58.080
58.430
58.780
59.140
59.490
59.850
60.200
60.560
60.910
61.260
61.600
61.970
62.320
62.650
63.010
63.370
63.720
64.060
64.400
64.750
65.110
65.440
65.810
66.150
66.500
66.840
67.200
67.560
67.900
68.250
68.590
68.960
69.300
69.640
70.000
70.360
70.730
71.060
71.430
71.770
72.120
72.460
72.820
73.180
73.530
73.870
74.230
74.570
74.940
75.270
75.640
75.990
76.350
76.690
77.050
77.410
77.760
78.100
78.460
78.810
79.170
79.500
79.860
80.200
80.570
80.900
81.250
81.600
81.960
82.300
82.660
83.030
83.390
83.730
84.080
84.450
84.800
85.130
85.500
85.840
86.200
86.540
86.900
87.240
87.600
87.940
88.290
88.650
89.030
89.360
89.710
90.060
90.420
90.760
91.110
91.460
91.820
92.160
92.510
92.870
93.220
93.570
93.920
94.270
94.620
94.970
95.320
95.670
96.020
96.380
96.720
97.080
97.420
97.780
98.130
98.490
98.830
99.180
99.530
99.890
100.240
100.580
100.930
101.280
101.620
101.970
102.320
102.680
103.030
103.370
103.720
104.070
104.430
104.750
105.090
105.450
105.800
106.130
106.500
106.830
107.180
107.530
107.890
108.230
108.590
108.930
109.280
109.640
110.000
110.340
110.690
111.030
111.400
111.730
112.090
112.430
112.800
113.120
113.460
113.820
114.160
114.510
114.860
115.220
115.570
115.910
116.260
116.600
116.950
117.310
117.650
118.020
118.370
118.700
119.050
119.410
119.770
120.110
120.450
120.810
121.180
121.520
121.870
122.220
122.570
122.910
123.260
123.620
123.980
124.310
124.660
125.020
125.380
125.740
126.090
126.450
126.800
127.140
127.490
127.840
128.190
128.550
128.890
129.240
129.600
129.940
130.300
130.660
131.010
131.340
131.700
132.040
132.410
132.740
133.100
133.440
133.800
134.140
134.490
134.850
135.210
135.550
135.910
136.250
136.610
136.940
137.300
137.650
137.990
138.340
138.700
139.040
139.400
139.740
140.090
140.450
140.800
141.150
141.500
141.860
142.190
142.540
142.870
143.190
143.500
143.820
144.150
144.470
144.790
145.100
145.420
145.750
146.070
146.380
146.710
147.020
147.340
147.660
