0.440
1.050
1.660
2.240
2.780
3.340
3.920
4.450
5.030
5.630
6.200
6.790
7.360
7.910
8.480
9.070
9.650
10.230
10.830
11.410
12.000
12.580
13.170
13.730
14.330
14.910
15.500
16.080
16.660
17.230
17.810
18.370
18.960
19.550
20.120
20.720
21.290
21.870
22.460
23.030
23.600
24.190
24.800
25.370
25.940
26.520
27.120
27.680
28.250
28.850
29.430
30.000
30.590
31.170
31.740
32.350
32.930
33.510
34.060
34.650
35.220
35.800
36.370
36.940
37.530
38.130
38.730
39.270
39.860
40.410
41.020
41.570
42.140
42.720
43.290
43.870
44.430
45.010
45.570
46.150
46.730
47.340
47.950
48.520
49.110
49.690
50.280
50.860
51.440
52.020
52.610
53.210
53.790
54.370
54.950
55.520
56.120
56.690
57.310
57.910
58.500
59.080
59.680
60.270
60.870
61.440
62.020
62.630
63.190
63.770
64.360
64.920
65.520
66.110
66.720
67.310
67.890
68.460
69.070
69.640
70.230
70.820
71.390
71.980
72.560
73.150
73.710
74.290
74.850
75.440
76.010
76.590
77.160
77.730
78.300
78.870
79.460
80.050
80.650
81.220
81.800
82.420
83.000
83.570
84.140
84.730
85.290
85.850
86.430
87.000
87.560
88.130
88.700
89.310
89.890
90.500
91.070
91.660
92.250
92.830
93.410
93.980
94.570
95.150
95.720
96.290
96.880
97.460
98.040
98.610
99.200
99.790
100.370
100.920
101.520
102.070
102.640
103.240
103.800
104.380
104.970
105.530
106.100
106.680
107.280
107.880
108.440
109.020
109.610
110.170
110.730
111.310
111.870
112.460
113.020
113.590
114.170
114.740
115.300
115.880
116.460
117.050
117.670
118.230
118.840
119.420
119.960
120.530
121.110
121.690
122.260
122.820
123.390
123.960
124.520
125.090
125.670
126.270
126.850
127.430
128.010
128.590
129.160
129.760
130.350
130.970
131.570
132.170
132.750
133.360
133.950
134.530
135.100
135.710
136.310
136.880
137.470
138.060
138.670
139.240
139.840
140.490
141.110
141.730
142.370
143.010
143.640
144.240
144.870
145.500
146.160
146.760
147.390
