0.180
0.680
1.140
1.640
2.100
2.590
3.040
3.520
3.960
4.440
4.890
5.340
5.840
6.300
6.800
7.270
7.740
8.240
8.710
9.190
9.660
10.140
10.620
11.100
11.560
12.010
12.460
12.920
13.390
13.850
14.310
14.770
15.250
15.710
16.170
16.630
17.080
17.550
18.020
18.490
18.950
19.420
19.890
20.340
20.800
21.260
21.760
22.240
22.710
23.190
23.670
24.150
24.630
25.100
25.550
26.050
26.530
26.990
27.480
27.960
28.450
28.910
29.380
29.860
30.340
30.800
31.260
31.740
32.210
32.660
33.090
33.540
34.000
34.450
34.910
35.370
35.830
36.290
36.750
37.210
37.670
38.140
38.600
39.050
39.530
39.970
40.440
40.900
41.360
41.800
42.260
42.720
43.180
43.650
44.100
44.560
45.020
45.480
45.940
46.410
46.880
47.340
47.800
48.270
48.730
49.180
49.650
50.120
50.580
51.040
51.490
51.950
52.410
52.870
53.350
53.790
54.280
54.740
55.210
55.710
56.190
56.650
57.130
57.630
58.110
58.590
59.030
59.510
59.950
60.430
60.910
61.380
61.830
62.320
62.830
63.330
63.810
64.280
64.750
65.230
65.710
66.170
66.630
67.130
67.610
68.040
68.470
68.920
69.400
69.860
70.320
70.790
71.250
71.720
72.180
72.650
73.110
73.580
74.050
74.520
74.980
75.450
75.920
76.410
76.880
77.330
77.820
78.290
78.760
79.240
79.710
80.180
80.660
81.120
81.600
82.080
82.550
83.020
83.490
83.980
84.460
84.910
85.380
85.870
86.330
86.790
87.270
87.750
88.220
88.700
89.170
89.640
90.110
90.570
91.070
91.540
92.050
92.540
93.010
93.500
93.970
94.440
94.890
95.380
95.830
96.320
96.760
97.230
97.700
98.200
98.680
99.180
99.670
100.140
100.630
101.090
101.570
102.030
102.500
102.990
103.450
103.900
104.350
104.810
105.270
105.730
106.200
106.660
107.130
107.600
108.070
108.530
108.990
109.460
109.920
110.390
110.860
111.330
111.800
112.280
112.760
113.220
113.720
114.190
114.650
115.140
115.590
116.080
116.540
117.010
117.460
117.930
118.380
118.870
119.380
119.870
120.330
120.810
121.310
121.770
122.250
122.740
123.230
123.710
124.150
124.630
125.070
125.530
125.990
126.470
126.930
127.410
127.890
128.350
128.830
129.310
129.810
130.290
130.750
131.230
131.710
132.190
132.670
133.150
133.650
134.130
134.610
135.090
135.570
136.040
136.510
