0.420
0.860
1.320
1.800
2.250
2.700
3.160
3.630
4.080
4.560
5.030
5.480
5.940
6.400
6.870
7.330
7.800
8.270
8.740
9.200
9.670
10.140
10.600
11.070
11.540
12.000
12.460
12.930
13.400
13.860
14.320
14.780
15.230
15.700
16.170
16.630
17.100
17.570
18.040
18.480
18.940
19.420
19.890
20.360
20.830
21.280
21.740
22.200
22.670
23.120
23.590
24.050
24.530
24.980
25.450
25.910
26.380
26.840
27.290
27.760
28.220
28.680
29.150
29.610
30.060
30.520
30.990
31.450
31.910
32.390
32.840
33.300
33.730
34.210
34.690
35.150
35.620
36.080
36.540
37.000
37.450
37.930
38.400
38.850
39.310
39.780
40.250
40.710
41.170
41.640
42.110
42.570
43.030
43.510
43.970
44.440
44.900
45.380
45.850
46.310
46.770
47.240
47.720
48.180
48.650
49.110
49.580
50.060
50.540
51.010
51.480
51.940
52.400
52.890
53.350
53.830
54.300
54.760
55.260
55.730
56.210
56.680
57.120
57.590
58.080
58.530
59.010
59.480
59.950
60.410
60.910
61.370
61.850
62.320
62.780
63.250
63.700
64.190
64.650
65.130
65.600
66.070
66.520
66.990
67.460
67.950
68.430
68.890
69.360
69.840
70.310
70.770
71.230
71.710
72.180
72.650
73.110
73.590
74.070
74.540
74.990
75.480
75.950
76.420
76.870
77.350
77.800
78.270
78.730
79.200
79.670
80.140
80.600
81.090
81.570
82.030
82.510
82.990
83.460
83.930
84.400
84.860
85.360
85.820
86.310
86.780
87.260
87.730
88.210
88.680
89.170
89.620
90.100
90.580
91.070
91.550
92.010
92.480
92.950
93.410
93.880
94.350
94.830
95.290
95.760
96.240
96.720
97.170
97.650
98.130
98.610
99.080
99.560
100.030
100.510
100.990
101.460
101.950
102.420
102.900
103.390
103.870
104.350
104.820
105.300
105.780
106.260
106.730
107.200
107.680
108.150
108.630
109.100
109.580
110.080
110.550
111.020
111.500
111.990
112.470
112.950
113.440
113.910
114.390
114.860
115.350
115.830
116.300
116.780
117.270
117.760
118.220
118.690
119.190
119.670
120.140
120.620
121.110
121.580
122.050
122.520
123.010
123.490
123.950
124.440
124.920
125.410
125.880
126.350
126.830
127.310
127.770
128.250
128.720
129.210
129.670
130.140
130.630
131.110
131.580
132.040
132.530
133.000
133.460
133.930
134.420
134.900
135.360
135.840
136.340
136.800
137.300
137.770
138.250
138.740
139.210
139.700
140.160
140.660
141.140
141.600
142.100
142.580
143.060
143.540
