0.220
0.560
0.900
1.260
1.580
1.920
2.250
2.590
2.920
3.260
3.610
3.940
4.270
4.600
4.940
5.260
5.620
5.940
6.280
6.610
6.940
7.270
7.610
7.950
8.290
8.610
8.950
9.290
9.630
9.950
10.300
10.630
10.970
11.300
11.650
11.980
12.330
12.640
13.000
13.320
13.670
14.000
14.350
14.690
15.040
15.370
15.720
16.040
16.390
16.730
17.060
17.400
17.750
18.080
18.420
18.750
19.110
19.430
19.790
20.130
20.460
20.800
21.140
21.470
21.810
22.170
22.490
22.830
23.170
23.510
23.850
24.190
24.540
24.870
25.210
25.550
25.900
26.240
26.580
26.910
27.260
27.600
27.940
28.280
28.620
28.950
29.290
29.640
29.980
30.310
30.670
30.990
31.330
31.650
32.000
32.340
32.680
33.010
33.350
33.680
34.030
34.360
34.700
35.030
35.380
35.720
36.060
36.390
36.740
37.070
37.410
37.740
38.080
38.410
38.760
39.080
39.430
39.760
40.110
40.440
40.790
41.120
41.460
41.800
42.150
42.470
42.820
43.150
43.490
43.840
44.180
44.520
44.850
45.180
45.520
45.860
46.200
46.540
46.880
47.220
47.570
47.900
48.250
48.590
48.930
49.270
49.610
49.940
50.290
50.630
50.970
51.300
51.640
51.990
52.330
52.680
53.020
53.360
53.690
54.030
54.370
54.710
55.040
55.380
55.710
56.050
56.400
56.730
57.080
57.410
57.760
58.110
58.440
58.790
59.110
59.460
59.810
60.150
60.490
60.840
61.180
61.500
61.850
62.180
62.530
62.870
63.200
63.530
63.870
64.210
64.550
64.890
65.230
65.560
65.900
66.240
66.580
66.930
67.260
67.600
67.930
68.260
68.610
68.950
69.280
69.620
69.960
70.290
70.630
70.960
71.300
71.650
71.980
72.320
72.660
73.000
73.340
73.680
74.030
74.370
74.720
75.050
75.390
75.720
76.080
76.410
76.750
77.090
77.430
77.760
78.110
78.440
78.780
79.130
79.460
79.800
80.140
80.480
80.840
81.170
81.520
81.860
82.210
82.560
82.890
83.220
83.560
83.920
84.250
84.580
84.940
85.270
85.630
85.970
86.310
86.650
87.000
87.340
87.680
88.010
88.370
88.710
89.050
89.370
89.730
90.060
90.390
90.730
91.090
91.430
91.770
92.100
92.450
92.790
93.130
93.460
93.820
94.160
94.500
94.830
95.160
95.490
95.840
96.180
96.530
96.870
97.190
97.540
97.870
98.210
98.540
98.880
99.200
99.550
99.860
100.210
100.550
100.880
101.210
101.560
101.900
102.240
102.580
102.920
103.260
103.590
103.940
104.270
104.610
104.950
105.290
105.630
105.960
106.320
106.640
106.980
107.320
107.670
108.010
108.360
108.680
109.030
109.380
109.700
110.050
110.390
110.740
111.070
111.420
111.750
112.100
112.450
112.790
113.130
113.480
113.810
114.160
114.500
114.850
115.180
115.530
115.870
116.210
116.540
116.900
117.240
117.580
117.920
118.270
118.610
118.960
119.310
119.640
119.990
120.330
120.670
121.020
121.360
121.710
122.040
122.370
122.710
123.070
123.400
123.740
124.080
124.420
124.760
125.090
125.420
125.760
126.100
126.440
126.780
127.130
127.470
127.810
128.150
128.470
128.830
129.160
129.500
129.840
130.170
130.490
130.830
131.170
131.520
131.850
132.200
132.540
132.870
133.210
133.550
133.890
134.220
134.540
134.880
135.230
135.570
135.890
136.230
136.550
136.870
137.190
137.500
137.820
138.140
138.470
