0.380
0.770
1.140
1.540
1.900
2.270
2.630
3.000
3.350
3.730
4.070
4.430
4.770
5.120
5.480
5.830
6.190
6.540
6.890
7.250
7.620
7.980
8.330
8.700
9.050
9.420
9.770
10.160
10.530
10.880
11.250
11.610
11.980
12.340
12.680
13.050
13.420
13.780
14.130
14.500
14.860
15.220
15.570
15.940
16.320
16.670
17.050
17.400
17.780
18.120
18.480
18.850
19.220
19.580
19.940
20.300
20.650
21.000
21.330
21.700
22.070
22.420
22.780
23.140
23.510
23.870
24.210
24.590
24.940
25.310
25.670
26.030
26.380
26.750
27.080
27.450
27.820
28.180
28.540
28.890
29.250
29.620
29.960
30.330
30.700
31.060
31.410
31.780
32.140
32.490
32.870
33.220
33.590
33.980
34.340
34.700
35.070
35.440
35.810
36.180
36.560
36.920
37.310
37.680
38.050
38.410
38.760
39.130
39.490
39.850
40.210
40.580
40.930
41.290
41.650
42.000
42.350
42.700
43.050
43.390
43.750
44.090
44.440
44.790
45.160
45.500
45.860
46.210
46.550
46.890
47.240
47.590
47.950
48.290
48.650
49.000
49.360
49.720
50.080
50.440
50.790
51.130
51.500
51.840
52.200
52.530
52.880
53.230
53.590
53.950
54.300
54.650
55.010
55.360
55.720
56.080
56.450
56.810
57.180
57.520
57.870
58.230
58.590
58.940
59.310
59.670
60.010
60.370
60.730
61.090
61.440
61.810
62.170
62.520
62.890
63.240
63.610
63.960
64.320
64.710
65.080
65.450
65.810
66.190
66.540
66.920
67.300
67.660
68.040
68.390
68.760
69.140
69.510
69.880
70.220
70.600
70.960
71.310
71.660
72.020
72.370
72.730
73.080
73.460
73.820
74.170
74.520
74.880
75.220
75.560
75.930
76.280
76.630
77.000
77.350
77.720
78.070
78.420
78.780
79.140
79.500
79.840
80.180
80.550
80.920
81.280
81.620
81.980
82.330
82.700
83.040
83.400
83.740
84.090
84.440
84.800
85.130
85.480
85.830
86.190
86.540
86.900
87.400
87.870
88.390
88.880
89.370
89.870
90.350
90.830
91.300
91.790
92.270
92.720
93.180
93.660
94.110
94.560
95.020
95.460
95.910
96.360
96.800
97.250
97.720
98.170
98.630
99.090
99.560
99.990
100.450
100.910
101.360
101.790
102.220
102.670
103.110
103.560
104.020
104.460
104.910
105.370
105.820
106.260
106.720
107.170
107.630
108.090
108.530
108.970
109.430
109.890
110.350
110.810
111.260
111.720
112.190
112.640
113.090
113.550
113.990
114.460
114.920
115.390
115.830
116.310
116.730
117.050
117.370
117.700
118.030
118.360
118.690
119.050
119.380
119.730
120.060
120.380
120.700
121.050
121.370
121.720
122.070
122.390
122.730
123.080
123.410
123.730
124.050
124.400
124.730
125.060
125.380
125.700
126.040
126.360
126.700
127.030
127.370
127.690
128.010
128.350
128.670
128.990
129.320
129.630
129.970
130.280
130.620
130.960
131.280
131.590
131.910
132.230
132.560
132.880
133.200
133.520
133.840
134.160
134.480
134.790
135.110
135.430
135.770
136.090
136.440
136.770
137.090
137.400
137.730
138.040
138.360
138.660
138.970
139.290
139.620
139.930
140.250
140.580
140.900
141.220
141.540
141.860
142.170
142.490
142.810
143.130
143.440
143.750
144.070
144.420
144.730
145.070
145.410
145.730
146.050
146.360
146.680
147.010
147.330
147.650
147.980
148.300
148.620
148.950
149.270
149.580
149.910
150.260
150.580
150.910
151.230
151.550
151.880
152.190
152.510
152.850
153.190
153.520
153.830
154.160
154.490
154.810
155.130
155.460
155.780
156.100
156.430
156.770
157.080
157.420
157.760
158.070
158.410
158.730
159.070
159.400
159.740
160.070
160.380
160.700
161.030
161.350
161.670
161.970
162.280
162.600
162.920
163.240
163.550
163.880
164.200
164.520
164.840
165.160
165.470
165.800
166.110
166.440
166.750
167.080
167.390
167.710
168.030
168.350
168.680
168.990
169.320
169.640
169.950
170.270
170.600
170.910
171.230
171.560
