0.450
1.340
2.250
3.130
4.040
4.930
5.800
6.670
7.520
8.360
9.230
10.090
10.930
11.780
12.630
13.480
14.300
15.160
16.020
16.870
17.700
18.550
19.380
20.210
21.060
21.870
22.750
23.590
24.430
25.270
26.120
26.990
27.790
28.650
29.480
30.320
31.150
31.990
32.840
33.670
34.480
35.330
36.150
36.960
37.780
38.600
39.410
40.250
41.070
41.920
42.720
43.580
44.430
45.270
46.110
46.920
47.740
48.560
49.380
50.200
51.010
51.830
52.680
53.500
54.340
55.160
55.990
56.810
57.620
58.460
59.290
60.120
60.970
61.800
62.660
63.480
64.320
65.150
65.970
66.830
67.620
68.480
69.290
70.130
70.960
71.790
72.630
73.460
74.270
75.100
75.940
76.720
77.590
78.420
79.210
80.070
80.860
81.660
82.480
83.080
83.610
84.010
84.420
84.830
85.240
85.650
86.060
86.480
86.880
87.290
87.720
88.140
88.560
88.970
89.390
89.810
90.230
90.630
91.050
91.470
91.890
92.310
92.730
93.140
93.540
93.950
94.360
94.770
95.200
95.600
96.020
96.430
96.840
97.260
97.690
98.120
98.530
98.960
99.380
99.790
100.220
100.640
101.050
101.480
101.900
102.300
102.720
103.130
103.550
103.940
104.380
104.800
105.200
105.630
106.040
106.480
106.890
107.300
107.720
108.160
108.560
108.980
109.400
109.820
110.260
110.660
111.070
111.480
111.880
112.310
112.710
113.120
113.550
113.960
114.370
114.790
115.200
115.610
116.010
116.420
116.840
117.250
117.650
118.070
118.460
118.880
119.280
119.700
120.100
120.510
120.950
121.360
121.780
122.190
122.590
122.990
123.390
123.780
124.190
124.610
125.030
125.440
125.860
126.280
126.700
127.100
127.520
127.940
128.360
128.760
129.180
129.590
130.010
130.410
130.830
131.240
131.650
132.050
132.470
132.900
133.310
133.720
134.160
134.560
134.980
135.400
135.830
136.240
136.640
137.040
137.470
137.860
138.290
138.700
139.110
139.530
139.950
140.350
140.780
141.200
141.610
142.050
142.460
142.860
143.260
143.680
144.100
144.540
144.950
145.370
145.760
146.170
146.580
146.990
147.400
147.820
148.240
148.640
149.040
149.470
149.880
150.300
150.700
151.130
151.540
151.960
152.350
152.770
153.170
153.570
153.960
154.360
154.750
155.170
155.570
155.950
156.370
156.780
157.170
157.590
158.000
158.400
158.810
159.220
159.650
160.040
160.480
160.900
161.320
161.720
162.140
162.540
162.940
163.350
163.780
164.180
164.600
165.010
165.440
165.870
166.290
166.690
167.110
167.550
167.940
168.350
168.760
169.170
169.600
170.000
170.420
170.820
171.230
171.630
172.060
172.470
172.870
173.270
173.700
174.100
174.500
174.910
175.320
175.730
176.160
176.600
177.050
177.520
177.970
178.420
178.870
179.320
179.750
