0.420
1.100
1.740
2.390
3.040
3.690
4.340
5.000
5.660
6.310
6.990
7.600
8.250
8.920
9.590
10.220
10.860
11.510
12.150
12.800
13.430
14.080
14.710
15.350
15.980
16.640
17.280
17.930
18.590
19.250
19.890
20.550
21.190
21.840
22.500
23.130
23.760
24.430
25.060
25.730
26.370
27.030
27.670
28.320
28.960
29.620
30.270
30.930
31.570
32.240
32.890
33.540
34.170
34.840
35.480
36.120
36.770
37.440
38.110
38.730
39.370
40.020
40.650
41.300
41.950
42.590
43.220
43.870
44.510
45.160
45.800
46.440
47.090
47.750
48.370
49.020
49.660
50.300
50.930
51.570
52.210
52.850
53.520
54.150
54.780
55.440
56.080
56.700
57.310
57.970
58.590
59.240
59.880
60.520
61.170
61.820
62.440
63.080
63.750
64.390
65.010
65.680
66.310
66.960
67.580
68.240
68.870
69.520
70.140
70.800
71.430
72.080
72.700
73.350
73.970
74.620
75.260
75.910
76.560
77.180
77.850
78.510
79.140
79.780
80.400
81.040
81.660
82.310
82.950
83.610
84.260
84.900
85.570
86.220
86.880
87.520
88.140
88.810
89.440
90.090
90.750
91.390
92.040
92.660
93.320
93.930
94.580
95.240
95.840
96.500
97.110
97.730
98.390
98.980
99.600
100.220
100.830
101.420
102.050
102.630
103.250
103.860
104.490
105.070
105.690
106.290
106.880
107.460
108.100
108.700
109.300
109.950
110.570
111.170
111.800
112.390
113.000
113.640
114.220
114.850
115.460
116.050
116.690
117.300
117.910
118.500
119.100
119.710
120.350
120.960
121.540
122.180
122.790
123.380
123.980
124.590
125.210
125.860
126.480
127.120
127.760
128.390
129.010
129.620
130.220
130.840
131.490
132.080
132.700
133.320
133.940
134.560
135.210
135.830
136.420
