0.630
1.410
2.240
3.030
3.780
4.570
5.360
6.150
6.980
7.800
8.600
9.460
10.350
11.190
12.050
12.860
13.750
14.600
15.430
16.210
16.990
17.750
18.550
19.240
19.990
20.740
21.410
22.150
22.870
23.540
24.280
25.030
25.810
26.600
27.410
28.220
29.020
29.840
30.650
31.450
32.230
33.060
33.870
34.650
35.470
36.260
37.050
37.880
38.660
39.450
40.250
41.050
41.870
42.680
43.450
44.260
45.070
45.770
46.480
47.110
47.720
48.350
49.000
49.590
50.210
50.820
51.420
52.020
52.600
53.190
53.780
54.400
54.990
55.610
56.180
56.780
57.360
57.940
58.500
59.100
59.680
60.260
60.840
61.450
62.020
62.610
63.190
63.770
64.340
64.930
65.520
66.140
66.750
67.370
67.980
68.560
69.220
69.910
70.590
71.310
72.030
72.750
73.470
74.210
74.910
75.570
76.280
76.980
77.690
78.380
79.090
79.830
80.540
81.250
81.940
82.680
83.360
84.030
84.690
85.450
86.190
86.910
87.640
88.330
89.050
89.700
90.340
90.950
91.620
92.170
92.730
93.290
93.860
94.410
94.980
95.530
96.080
96.630
97.210
97.770
98.340
98.900
99.480
100.030
100.590
101.160
101.710
102.260
102.810
103.360
103.930
104.500
105.070
105.640
106.200
106.760
107.320
107.880
108.470
109.040
109.590
110.230
110.850
111.460
112.120
112.770
113.500
114.150
114.860
115.550
116.260
116.950
117.610
118.290
119.010
119.700
120.370
121.050
121.720
122.380
123.030
123.720
124.400
125.040
125.730
126.410
127.110
127.790
128.450
129.130
129.820
130.480
131.170
131.860
132.570
133.210
133.800
134.380
134.970
135.560
136.160
136.720
137.250
137.820
138.370
138.950
139.540
140.140
140.710
141.330
141.920
142.480
143.040
143.610
144.220
144.820
145.410
146.020
146.620
147.240
147.810
148.440
149.020
149.630
150.230
150.820
151.410
152.010
152.630
153.210
153.800
154.360
154.930
155.480
156.060
156.630
157.230
157.840
158.400
159.000
159.560
160.120
160.650
161.210
161.790
162.380
162.950
163.560
164.140
164.740
165.350
165.960
166.570
167.170
167.770
168.380
168.970
169.590
170.180
170.790
171.380
171.960
172.520
173.080
173.660
174.260
174.860
175.460
176.040
176.650
177.220
177.770
178.330
178.930
179.500
180.030
180.610
181.200
181.790
182.410
182.980
183.600
184.230
184.810
185.420
186.060
186.650
187.280
187.870
188.450
189.000
189.560
190.130
190.730
191.320
191.950
192.520
193.130
193.700
194.270
194.840
195.420
196.000
196.560
197.130
197.680
198.230
198.810
199.400
200.010
200.600
201.230
201.820
202.440
203.060
203.670
204.250
204.870
205.440
206.050
206.650
207.260
207.840
208.480
209.070
209.680
210.270
210.810
211.390
211.980
212.540
213.090
213.680
214.270
214.860
215.500
216.080
216.720
217.320
217.900
218.480
219.080
219.660
220.270
220.850
221.430
221.980
222.550
223.140
223.720
224.330
224.920
225.550
226.200
226.800
227.460
228.070
228.670
229.300
229.940
230.540
231.150
231.800
232.390
233.040
233.630
234.280
234.890
235.490
236.140
