0.120
0.630
1.160
1.670
2.170
2.690
3.230
3.750
4.280
4.800
5.310
5.800
6.310
6.820
7.340
7.850
8.340
8.860
9.360
9.870
10.360
10.880
11.370
11.870
12.370
12.890
13.390
13.900
14.390
14.900
15.380
15.910
16.380
16.900
17.380
17.870
18.360
18.860
19.340
19.850
20.340
20.870
21.370
21.880
22.390
22.910
23.400
23.900
24.420
24.920
25.440
25.970
26.480
27.010
27.510
28.030
28.530
29.040
29.570
30.080
30.580
31.100
31.610
32.130
32.660
33.160
33.680
34.190
34.710
35.220
35.730
36.250
36.760
37.280
37.780
38.280
38.780
39.290
39.810
40.340
40.850
41.360
41.860
42.380
42.890
43.410
43.910
44.430
44.940
45.460
45.970
46.480
47.000
47.510
48.030
48.550
49.090
49.580
50.080
50.590
51.140
51.650
52.220
52.740
53.260
53.760
54.290
54.790
55.260
55.760
56.290
56.780
57.260
57.760
58.280
58.780
59.310
59.830
60.340
60.860
61.360
61.880
62.370
62.870
63.390
63.900
64.410
64.910
65.420
65.940
66.450
66.940
67.460
67.990
68.500
69.010
69.520
70.020
70.540
71.050
71.550
72.070
72.580
73.100
73.600
74.110
74.610
75.130
75.640
76.140
76.640
77.150
77.650
78.140
78.670
79.170
79.690
80.200
80.710
81.220
81.720
82.230
82.740
83.260
83.760
84.280
84.780
85.290
85.800
86.310
86.820
87.310
87.830
88.360
88.870
89.360
89.870
90.390
90.910
91.450
91.970
92.470
93.000
93.520
94.010
94.510
95.060
95.550
96.100
96.610
97.120
97.630
98.110
98.630
99.130
99.630
100.100
100.630
101.110
101.610
102.120
102.640
103.150
103.670
104.170
104.650
105.170
105.690
106.190
106.700
107.220
107.720
108.230
108.750
109.250
109.780
110.270
110.790
111.290
111.800
112.310
112.820
113.320
113.830
114.350
114.840
115.360
115.870
116.380
116.870
117.400
117.900
118.400
118.900
119.410
119.920
120.420
120.910
121.420
121.930
122.450
122.960
123.470
123.980
124.470
124.980
125.490
126.000
126.510
127.020
127.530
128.050
128.550
129.060
129.560
130.070
130.590
131.100
131.610
132.120
132.620
133.130
133.640
134.150
134.660
135.170
135.680
136.190
136.700
137.220
137.730
138.230
138.750
139.260
139.780
140.290
140.800
141.310
141.870
142.400
142.910
143.370
143.860
144.340
144.810
145.300
145.770
146.250
146.730
147.230
147.710
148.190
148.670
149.130
