0.480
1.200
1.920
2.630
3.360
4.080
4.760
5.490
6.200
6.920
7.620
8.330
9.050
9.750
10.460
11.160
11.880
12.610
13.320
14.000
14.680
15.360
16.070
16.790
17.510
18.230
18.960
19.690
20.390
21.120
21.830
22.560
23.280
23.990
24.720
25.440
26.180
26.900
27.600
28.310
29.030
29.750
30.480
31.220
31.910
32.660
33.360
34.080
34.790
35.500
36.190
36.950
37.660
38.370
39.060
39.790
40.510
41.210
41.910
42.650
43.330
44.030
44.740
45.460
46.140
46.850
47.530
48.250
48.970
49.670
50.380
51.070
51.770
52.470
53.170
53.870
54.540
55.240
55.940
56.670
57.380
58.100
58.790
59.510
60.220
60.930
61.610
62.330
63.020
63.720
64.420
65.140
65.860
66.570
67.300
68.000
68.720
69.410
70.140
70.870
71.560
72.280
72.990
73.700
74.410
75.100
75.810
76.540
77.260
77.950
78.660
79.410
80.120
80.800
81.490
82.230
82.950
83.660
84.360
85.050
85.760
86.440
87.120
87.860
88.550
89.250
89.930
90.660
91.370
92.070
92.770
93.480
94.210
94.880
95.640
96.320
97.070
97.770
98.470
99.170
99.850
100.540
101.240
101.950
102.640
103.310
104.010
104.710
105.410
106.090
106.810
107.490
108.180
108.870
109.560
110.250
110.930
111.620
112.310
113.020
113.710
114.410
115.100
115.820
116.500
117.200
117.890
118.620
119.300
120.010
120.680
121.410
122.070
122.810
123.500
124.210
124.870
125.610
126.270
127.010
127.670
128.370
129.110
129.800
130.490
131.160
131.840
132.580
133.280
133.990
134.670
135.390
136.070
136.760
137.450
138.160
138.840
139.570
140.250
140.940
141.660
142.320
142.990
143.660
144.320
145.010
145.690
146.380
147.090
147.770
148.470
149.160
149.830
150.500
151.180
151.840
152.500
153.190
153.840
154.510
155.200
155.900
156.580
157.280
158.000
158.720
159.400
160.100
160.810
161.490
162.220
162.900
163.580
164.300
165.000
165.700
166.380
167.060
167.770
168.450
169.140
169.840
170.560
171.250
171.950
172.630
173.300
174.000
174.710
175.380
176.070
176.750
177.380
177.760
178.100
178.440
178.780
179.130
179.470
179.820
180.150
180.490
180.830
181.180
181.520
181.860
182.200
182.540
182.880
183.220
183.560
183.900
184.240
184.580
184.910
185.260
185.600
185.940
186.270
186.610
186.960
187.290
187.620
187.970
188.300
188.640
188.970
189.290
189.630
189.980
190.320
190.670
191.000
191.350
191.690
192.030
192.370
192.710
193.050
193.420
193.750
194.090
194.430
194.760
195.100
195.450
195.780
196.120
196.430
196.780
197.090
197.440
197.760
198.090
198.440
198.770
199.110
199.450
199.780
200.120
200.480
200.800
201.140
201.480
201.810
202.140
202.490
202.820
203.160
203.490
203.840
204.160
204.500
204.820
205.150
205.480
205.830
206.160
206.490
206.820
207.150
207.480
207.810
208.120
208.450
208.810
209.150
209.490
209.830
210.150
210.500
210.830
211.180
211.520
211.850
212.170
212.490
212.830
213.180
213.510
213.870
214.190
214.520
214.860
215.190
215.520
215.850
216.170
216.510
216.840
217.160
217.490
217.840
218.170
218.480
218.820
219.160
219.520
219.860
220.190
220.540
220.880
221.200
221.540
221.900
222.230
222.570
222.910
223.240
223.580
223.920
224.280
224.590
224.930
225.270
225.600
225.920
226.270
226.610
226.940
227.280
227.620
227.960
228.290
228.650
228.980
229.320
229.650
230.010
230.350
230.690
231.020
231.360
231.700
232.050
232.390
232.730
233.050
233.390
233.730
234.090
234.410
234.750
235.080
235.420
235.740
236.080
236.420
236.740
237.080
237.410
237.740
238.070
238.410
238.760
239.080
239.410
239.730
240.060
240.390
240.730
241.060
241.390
241.720
242.050
242.370
242.700
243.050
243.370
243.710
244.020
244.370
244.680
245.010
245.360
245.690
246.000
246.350
246.660
246.980
247.310
247.630
247.940
248.260
248.590
248.930
249.260
249.580
249.910
250.240
250.570
250.890
251.220
251.560
251.900
252.220
252.560
252.870
253.200
253.530
253.870
254.210
254.530
254.850
255.210
255.540
255.880
256.230
256.570
256.910
257.280
257.630
257.960
258.300
258.650
258.970
259.310
259.670
260.010
260.350
260.690
261.010
261.350
261.690
262.010
262.360
262.700
263.040
263.380
263.700
264.050
264.390
264.730
265.090
265.420
265.790
266.130
266.470
266.790
267.140
267.500
267.840
268.190
268.550
268.880
269.210
269.550
269.910
270.240
270.590
270.910
271.260
271.610
271.950
272.280
272.610
272.930
273.250
273.570
273.890
274.220
274.530
274.860
275.180
275.490
275.820
276.140
276.450
276.780
