0.560
1.230
1.850
2.480
3.090
3.730
4.340
4.960
5.570
6.200
6.810
7.420
8.030
8.650
9.250
9.860
10.470
11.110
11.710
12.320
12.930
13.550
14.150
14.770
15.370
16.000
16.610
17.230
17.830
18.440
19.080
19.700
20.310
20.940
21.580
22.220
22.860
23.490
24.100
24.710
25.340
25.950
26.560
27.180
27.800
28.430
29.050
29.660
30.260
30.890
31.500
32.120
32.730
33.350
33.960
34.550
35.170
35.790
36.400
37.020
37.630
38.240
38.850
39.480
40.090
40.690
41.290
41.940
42.550
43.150
43.770
44.390
44.990
45.600
46.210
46.830
47.430
48.030
48.640
49.250
49.840
50.450
51.050
51.670
52.260
52.870
53.480
54.100
54.700
55.300
55.900
56.510
57.120
57.710
58.340
58.980
59.620
60.240
60.840
61.460
62.060
62.680
63.290
63.910
64.520
65.130
65.740
66.350
66.960
67.570
68.180
68.800
69.410
70.020
70.630
71.230
71.830
72.440
73.050
73.670
74.280
74.880
75.500
76.100
76.700
77.310
77.880
78.470
79.060
79.650
80.240
80.840
81.460
82.070
82.660
83.240
83.860
84.450
85.060
85.640
86.260
86.860
87.450
88.060
88.660
89.280
89.870
90.450
91.050
91.670
92.250
92.840
93.450
94.070
94.660
95.250
95.840
96.480
97.100
97.710
98.310
98.910
99.540
100.150
100.760
101.380
101.980
102.570
103.190
103.780
104.390
105.010
105.620
106.220
106.820
107.430
108.020
108.640
109.220
109.820
110.420
111.030
111.630
112.250
112.840
113.460
114.050
114.670
115.250
115.880
116.480
117.060
117.660
118.250
118.860
119.460
120.060
120.670
121.240
121.810
122.400
122.980
123.590
124.200
124.810
125.390
125.980
126.600
127.170
127.780
128.370
128.970
129.550
130.150
130.750
131.350
131.940
132.520
133.100
133.700
134.310
134.920
135.520
136.140
136.740
137.360
137.970
138.570
139.170
139.780
140.390
141.000
141.600
142.220
142.830
143.440
144.060
144.660
145.240
145.840
146.440
147.040
147.630
148.230
148.840
149.440
150.030
150.640
151.240
151.840
152.460
153.050
153.630
154.230
154.820
155.410
156.020
156.640
157.250
157.880
158.480
159.060
159.660
160.280
160.870
161.440
162.010
162.570
163.160
163.700
164.260
164.810
165.370
165.980
166.580
167.170
167.760
168.360
168.960
169.540
170.140
170.730
171.340
171.950
172.540
173.110
173.700
174.290
174.910
175.530
176.130
176.710
177.290
177.900
178.490
179.070
179.670
180.240
180.850
181.420
182.010
182.620
183.210
183.790
184.390
184.990
185.580
186.170
186.750
187.350
187.910
188.520
189.100
189.730
190.320
190.900
191.510
192.120
192.690
193.270
193.860
194.440
195.040
195.610
196.220
196.800
197.390
197.970
198.560
199.170
199.760
200.340
200.940
201.520
202.100
202.660
203.250
203.850
204.430
205.020
205.620
206.190
206.780
207.370
207.990
208.550
209.140
209.760
210.350
210.910
