0.370
1.080
1.740
2.440
3.160
3.820
4.540
5.230
5.880
6.610
7.280
7.960
8.630
9.310
10.020
10.740
11.360
12.040
12.670
13.290
13.900
14.510
15.140
15.840
16.500
17.160
17.820
18.480
19.100
19.730
20.370
21.040
21.680
22.340
22.990
23.670
24.320
24.990
25.650
26.330
26.990
27.670
28.340
29.030
29.740
30.460
31.170
31.860
32.470
33.130
33.750
34.390
35.050
35.700
36.410
37.060
37.720
38.360
39.010
39.630
40.350
41.010
41.700
42.390
43.050
43.680
44.290
44.910
45.580
46.230
46.920
47.580
48.240
48.910
49.590
50.270
50.960
51.600
52.270
52.930
53.630
54.300
54.970
55.600
56.290
56.930
57.570
58.200
58.860
59.450
60.060
60.690
61.300
61.940
62.530
63.150
63.730
64.340
64.930
65.530
66.130
66.750
67.330
67.940
68.540
69.150
69.730
70.320
70.930
71.540
72.130
72.740
73.350
73.930
74.550
75.180
75.820
76.450
77.070
77.720
78.350
78.980
79.590
80.230
80.860
81.500
82.120
82.760
83.400
84.080
84.760
85.410
86.120
86.790
87.410
88.080
88.710
89.330
89.920
90.540
91.200
91.830
92.510
93.140
93.810
94.430
95.030
95.640
96.280
96.910
97.510
98.120
98.730
99.350
99.950
100.580
101.230
101.880
102.510
103.150
103.770
104.370
104.990
105.570
106.200
106.780
107.400
107.980
108.580
109.180
109.790
110.390
110.970
111.580
112.200
112.800
113.370
113.990
114.580
115.190
115.780
116.400
117.010
117.590
118.190
118.790
119.420
120.050
120.700
121.320
121.930
122.570
123.240
123.860
124.550
125.200
125.830
126.500
127.190
127.840
128.480
129.110
129.740
130.400
131.030
131.710
132.360
133.040
133.670
134.310
134.950
135.570
136.180
136.840
137.490
138.130
138.730
139.390
140.020
140.650
141.250
141.870
142.490
143.130
143.740
144.340
144.920
145.500
146.110
146.690
147.400
148.050
148.740
149.390
150.020
150.650
151.270
151.910
152.500
153.140
153.760
154.370
154.970
155.570
156.190
156.790
157.400
158.020
158.620
159.240
159.830
160.470
161.050
161.680
162.280
162.920
163.530
164.160
164.770
165.390
166.020
166.680
167.320
167.950
168.580
169.180
169.810
170.460
171.100
171.720
172.360
172.960
173.580
174.260
174.920
175.530
176.160
176.780
177.380
178.020
178.630
179.270
179.840
180.420
181.040
181.640
182.220
182.840
183.440
184.040
184.640
185.220
185.830
186.440
187.030
187.630
188.240
188.850
189.440
190.040
190.640
191.230
191.840
192.430
193.030
193.620
194.230
194.800
195.410
196.010
196.610
197.190
197.790
198.380
198.990
199.580
200.190
200.800
201.410
201.990
202.590
203.180
203.780
204.360
204.960
205.550
206.140
206.730
207.330
207.930
208.510
209.100
209.710
210.300
210.890
211.510
212.150
212.780
213.400
214.010
214.610
215.240
215.860
216.470
217.090
217.740
218.330
218.920
219.520
220.120
220.700
221.260
221.860
222.440
223.020
223.610
224.200
224.790
225.360
225.950
226.570
227.150
227.720
228.310
228.890
229.510
230.090
230.670
231.270
231.850
232.430
233.020
233.610
234.190
234.810
235.400
236.040
236.630
237.210
237.810
238.420
239.030
239.620
240.210
240.820
241.410
242.010
242.590
243.200
243.810
244.400
245.000
245.620
246.220
246.800
247.420
248.070
248.660
249.280
249.930
