0.070
0.620
1.130
1.690
2.220
2.760
3.320
3.870
4.410
4.950
5.500
6.040
6.580
7.110
7.630
8.170
8.690
9.220
9.760
10.290
10.830
11.370
11.890
12.410
12.930
13.480
14.020
14.550
15.100
15.610
16.150
16.670
17.200
17.740
18.270
18.820
19.380
19.910
20.450
20.970
21.530
22.050
22.590
23.120
23.630
24.180
24.670
25.210
25.730
26.260
26.790
27.320
27.850
28.380
28.900
29.430
29.970
30.510
31.020
31.560
32.090
32.600
33.150
33.680
34.220
34.800
35.330
35.850
36.400
36.910
37.420
37.950
38.490
38.990
39.510
40.030
40.550
41.060
41.590
42.110
42.650
43.160
43.700
44.240
44.760
45.290
45.800
46.330
46.840
47.360
47.870
48.410
48.920
49.450
49.960
50.490
51.020
51.590
52.100
52.640
53.170
53.700
54.230
54.740
55.300
55.810
56.340
56.880
57.410
57.940
58.460
58.980
59.520
60.050
60.570
61.130
61.640
62.180
62.690
63.240
63.770
64.300
64.830
65.340
65.900
66.410
66.940
67.490
68.020
68.530
69.040
69.580
70.090
70.630
71.150
71.680
72.200
72.740
73.270
73.820
74.320
74.850
75.370
75.920
76.430
76.950
77.490
78.010
78.500
79.040
79.570
80.090
80.600
81.140
81.670
82.200
82.750
83.270
83.800
84.320
84.850
85.430
85.950
86.510
87.050
87.570
88.100
88.620
89.150
89.670
90.190
90.730
91.260
91.780
92.300
92.840
93.370
93.890
94.420
94.950
95.500
96.020
96.540
97.050
97.580
98.100
98.620
99.120
99.650
100.190
100.710
101.250
101.800
102.340
102.860
103.370
103.920
104.440
104.980
105.510
106.060
106.590
107.120
107.640
108.170
108.700
109.220
109.750
110.280
110.800
111.330
111.860
112.390
112.930
113.440
113.970
114.490
115.030
115.560
116.080
116.640
117.160
117.680
118.200
118.730
119.240
119.780
120.340
120.870
121.390
121.910
122.440
122.960
123.480
123.990
124.520
125.060
125.570
126.120
126.650
127.200
127.710
128.240
128.770
129.310
129.820
130.340
130.860
131.390
131.920
132.440
132.970
133.480
134.030
134.560
135.080
135.610
136.170
136.700
137.240
137.780
138.290
138.820
139.340
139.890
140.400
140.930
141.470
142.010
142.510
143.040
143.580
144.130
144.640
145.170
145.710
146.260
146.770
147.290
147.810
148.330
148.860
149.390
149.910
150.450
150.980
151.500
152.020
152.550
153.120
153.650
154.170
154.720
155.230
155.770
156.280
156.820
157.340
157.860
158.400
158.920
159.430
159.940
160.490
160.990
161.520
162.040
162.580
163.120
163.640
164.160
164.680
165.200
165.720
166.230
166.750
167.260
167.790
168.300
168.830
169.340
169.850
170.370
170.860
171.400
171.900
172.380
172.840
173.340
173.800
174.300
174.770
175.260
175.720
176.210
176.680
177.180
177.650
178.120
178.600
179.100
179.560
180.040
180.540
181.000
181.500
181.980
182.460
182.920
