0.480
1.110
1.780
2.420
3.080
3.730
4.390
5.020
5.690
6.340
6.970
7.590
8.230
8.870
9.540
10.180
10.790
11.420
12.020
12.640
13.260
13.880
14.510
15.130
15.760
16.400
17.030
17.650
18.270
18.890
19.520
20.140
20.740
21.390
22.020
22.650
23.270
23.890
24.530
25.160
25.760
26.400
27.010
27.620
28.240
28.870
29.490
30.100
30.750
31.370
31.980
32.590
33.220
33.830
34.460
35.090
35.670
36.300
36.890
37.520
38.130
38.760
39.400
40.000
40.610
41.230
41.850
42.470
43.080
43.710
44.330
44.960
45.580
46.200
46.840
47.510
48.130
48.760
49.380
50.000
50.610
51.230
51.840
52.440
53.070
53.710
54.320
54.930
55.550
56.160
56.800
57.400
58.050
58.650
59.290
59.910
60.540
61.150
61.770
62.390
62.980
63.600
64.220
64.830
65.430
66.060
66.690
67.280
67.910
68.520
69.140
69.750
70.380
71.000
71.630
72.260
72.850
73.500
74.120
74.700
75.310
75.940
76.550
77.180
77.790
78.420
79.030
79.630
80.270
80.890
81.510
82.110
82.740
83.360
84.010
84.620
85.240
85.850
86.480
87.110
87.720
88.340
88.970
89.580
90.200
90.830
91.440
92.030
92.660
93.250
93.850
94.480
95.120
95.720
96.350
96.960
97.600
98.190
98.830
99.430
100.080
100.680
101.300
101.890
102.520
103.150
103.800
104.430
105.050
105.690
106.320
106.940
107.550
108.190
108.790
109.390
110.030
110.620
111.240
111.860
112.440
113.070
113.690
114.320
114.940
115.580
116.180
116.790
117.400
118.020
118.630
119.250
119.870
120.480
121.100
121.710
122.330
122.940
123.550
124.190
124.800
125.410
126.040
126.660
127.260
127.870
128.490
129.100
129.690
130.320
130.960
131.560
132.150
132.770
133.390
134.010
134.610
135.210
135.840
136.450
137.080
137.710
138.320
138.920
139.530
140.150
140.750
141.380
141.990
142.630
143.230
143.840
144.460
145.080
145.710
146.310
146.950
147.550
148.180
148.800
149.410
150.030
150.650
151.250
151.830
152.450
153.070
153.680
154.280
154.890
155.520
156.130
156.760
157.390
158.000
158.610
159.220
159.840
160.450
161.030
161.620
162.230
162.830
163.440
164.040
164.640
165.230
165.830
166.410
167.010
167.590
168.190
168.780
169.380
169.960
170.520
171.120
171.720
172.320
172.900
173.480
174.090
174.660
175.250
175.850
176.430
177.030
177.620
178.220
178.820
179.440
180.060
180.710
181.330
181.920
182.570
183.190
