0.520
1.150
1.790
2.390
3.030
3.660
4.320
4.950
5.590
6.230
6.890
7.530
8.150
8.770
9.420
10.050
10.680
11.320
11.970
12.600
13.230
13.850
14.500
15.130
15.750
16.380
17.000
17.600
18.230
18.830
19.460
20.070
20.680
21.300
21.940
22.540
23.160
23.760
24.380
25.000
25.610
26.200
26.800
27.440
28.020
28.650
29.240
29.870
30.490
31.080
31.700
32.290
32.900
33.500
34.090
34.700
35.300
35.880
36.480
37.100
37.710
38.310
38.910
39.520
40.130
40.730
41.320
41.940
42.530
43.130
43.720
44.330
44.930
45.530
46.120
46.740
47.330
47.940
48.520
49.090
49.710
50.290
50.910
51.510
52.100
52.700
53.310
53.900
54.500
55.080
55.680
56.250
56.850
57.440
58.040
58.640
59.250
59.850
60.460
61.040
61.650
62.230
62.850
63.440
64.040
64.600
65.190
65.790
66.370
66.960
67.560
68.170
68.740
69.350
69.920
70.500
71.070
71.650
72.250
72.840
73.410
74.000
74.590
75.170
75.740
76.360
76.950
77.510
78.120
78.710
79.280
79.870
80.470
81.050
81.660
82.210
82.810
83.390
84.000
84.580
85.150
85.730
86.310
86.890
87.460
88.020
88.600
89.180
89.760
90.360
90.930
91.510
92.080
92.650
93.210
93.790
94.360
94.950
95.530
96.070
96.670
97.230
97.810
98.370
98.950
99.550
100.140
100.720
101.300
101.880
102.460
103.040
103.600
104.200
104.790
105.340
105.910
106.480
107.060
107.610
108.170
108.750
109.320
109.880
110.470
111.070
111.630
112.240
112.810
113.380
113.950
114.550
115.130
115.690
116.280
116.870
117.470
118.050
118.610
119.200
119.770
120.340
120.890
121.480
122.040
122.610
123.170
123.730
124.300
124.880
125.470
126.050
126.620
127.210
127.780
128.360
128.930
129.500
130.070
130.660
131.230
131.820
132.400
132.970
133.550
134.140
134.710
135.270
135.840
136.430
136.990
137.570
138.130
138.710
139.270
139.830
140.400
140.980
141.550
142.100
142.680
143.240
143.830
144.380
144.940
145.540
146.100
146.670
147.240
147.820
148.400
148.980
149.530
150.090
150.670
151.250
151.820
152.380
152.960
153.540
154.110
154.650
155.240
155.810
156.390
156.930
157.510
158.080
158.650
159.200
159.770
160.320
160.900
161.460
162.050
162.620
163.180
163.760
164.310
164.910
165.480
166.030
166.580
167.150
167.730
168.280
168.860
169.430
170.010
170.590
171.130
171.690
172.250
172.810
173.350
173.910
174.460
175.000
175.530
176.100
176.640
177.180
177.730
178.260
178.820
179.350
179.900
180.440
180.980
181.530
182.060
182.600
183.150
183.680
184.200
184.760
185.310
185.850
186.370
186.900
187.420
187.940
188.470
188.990
189.510
190.040
190.550
191.070
191.600
192.140
192.660
193.180
193.690
194.230
194.760
195.300
195.820
196.350
196.890
197.390
197.930
198.460
198.970
199.500
200.020
200.550
201.120
201.650
202.160
202.720
203.250
203.760
204.280
204.830
205.380
205.900
206.460
206.980
207.520
208.040
208.580
209.120
209.650
210.150
210.660
211.190
211.740
212.260
212.780
213.320
213.860
214.400
214.900
215.420
215.920
216.420
216.960
217.500
218.030
218.530
219.070
219.590
220.130
220.650
221.200
221.700
222.230
222.750
223.230
223.690
224.170
224.650
225.140
225.620
226.110
226.590
227.070
227.550
228.030
