0.110
0.540
1.000
1.440
1.890
2.350
2.810
3.290
3.750
4.190
4.620
5.030
5.450
5.880
6.290
6.720
7.160
7.580
8.010
8.430
8.850
9.270
9.690
10.110
10.530
10.970
11.390
11.830
12.260
12.670
13.110
13.540
13.960
14.390
14.820
15.240
15.670
16.090
16.520
16.950
17.380
17.800
18.230
18.660
19.090
19.510
19.940
20.370
20.800
21.230
21.670
22.090
22.520
22.940
23.380
23.810
24.230
24.670
25.100
25.520
25.960
26.380
26.820
27.240
27.660
28.080
28.530
28.950
29.380
29.810
30.240
30.670
31.110
31.530
31.960
32.390
32.820
33.240
33.680
34.100
34.530
34.960
35.390
35.820
36.260
36.690
37.120
37.550
37.980
38.410
38.850
39.290
39.720
40.150
40.600
41.030
41.450
41.890
42.330
42.770
43.200
43.620
44.070
44.480
44.930
45.350
45.770
46.220
46.650
47.060
47.510
47.940
48.400
48.840
49.270
49.690
50.130
50.550
50.980
51.420
51.860
52.280
52.710
53.150
53.580
54.000
54.430
54.850
55.290
55.710
56.160
56.580
57.010
57.440
57.880
58.310
58.750
59.180
59.620
60.050
60.480
60.910
61.360
61.790
62.220
62.660
63.100
63.520
63.960
64.390
64.830
65.260
65.700
66.130
66.560
66.990
67.420
67.850
68.290
68.730
69.160
69.590
70.020
70.470
70.900
71.340
71.790
72.220
72.660
73.090
73.540
73.980
74.420
74.850
75.290
75.720
76.160
76.600
77.030
77.470
77.900
78.320
78.760
79.190
79.620
80.060
80.500
80.930
81.360
81.820
82.240
82.690
83.110
83.540
83.990
84.440
84.870
85.310
85.720
86.150
86.590
87.010
87.440
87.880
88.320
88.750
89.200
89.630
90.060
90.480
90.930
91.370
91.800
92.230
92.660
93.110
93.530
93.960
94.410
94.840
95.280
95.710
96.150
96.590
97.020
97.460
97.900
98.340
98.760
99.200
99.620
100.050
100.490
100.920
101.360
101.790
102.240
102.670
103.110
103.540
103.970
104.400
104.830
105.270
105.690
106.130
106.550
106.990
107.410
107.840
108.290
108.720
109.150
109.580
110.030
110.480
110.910
111.330
111.760
112.190
112.610
113.050
113.480
113.920
114.350
114.790
115.230
115.660
116.090
116.520
116.950
117.390
117.820
118.250
118.700
119.130
119.560
120.000
120.450
120.870
121.310
121.750
122.190
122.610
123.050
123.480
123.920
124.350
124.780
125.210
125.660
126.100
126.530
126.960
127.400
127.820
128.260
128.690
129.130
129.560
130.000
130.430
130.870
131.330
131.770
132.190
132.640
133.090
133.530
133.960
134.410
134.850
135.280
135.710
136.160
136.600
137.040
137.480
137.930
138.360
138.800
139.230
139.680
140.120
140.550
140.980
141.410
141.840
142.290
142.730
143.160
143.570
144.020
144.450
144.860
145.290
145.740
146.170
146.600
147.020
147.460
147.880
148.360
148.800
149.270
149.740
150.210
150.680
151.170
151.620
152.090
