0.420
0.880
1.330
1.770
2.220
2.670
3.130
3.580
4.040
4.500
4.980
5.420
5.900
6.350
6.810
7.260
7.740
8.180
8.650
9.090
9.550
10.000
10.460
10.900
11.360
11.830
12.260
12.730
13.190
13.650
14.110
14.570
15.040
15.480
15.940
16.400
16.850
17.310
17.780
18.230
18.700
19.150
19.620
20.080
20.540
20.990
21.460
21.910
22.360
22.830
23.290
23.740
24.200
24.660
25.120
25.570
26.040
26.480
26.940
27.390
27.840
28.300
28.760
29.220
29.670
30.130
30.590
31.040
31.510
31.950
32.410
32.870
33.320
33.790
34.240
34.690
35.140
35.600
36.060
36.510
36.960
37.420
37.890
38.350
38.820
39.270
39.730
40.190
40.650
41.120
41.580
42.050
42.500
42.970
43.440
43.890
44.350
44.810
45.260
45.720
46.200
46.630
47.090
47.540
48.000
48.450
48.920
49.380
49.840
50.300
50.750
51.210
51.670
52.130
52.580
53.030
53.500
53.970
54.430
54.880
55.340
55.800
56.270
56.720
57.170
57.640
58.110
58.560
59.030
59.490
59.950
60.400
60.870
61.320
61.790
62.230
62.690
63.150
63.620
64.080
64.550
65.000
65.460
65.910
66.380
66.840
67.300
67.750
68.220
68.690
69.160
69.620
70.090
70.550
71.010
71.470
71.930
72.390
72.860
73.310
73.760
74.220
74.670
75.130
75.590
76.040
76.510
76.960
77.420
77.880
78.340
78.780
79.240
79.700
80.160
80.610
81.060
81.530
81.990
82.440
82.910
83.370
83.830
84.280
84.750
85.200
85.660
86.110
86.570
87.030
87.500
87.950
88.420
88.870
89.340
89.790
90.250
90.700
91.170
91.610
92.090
92.530
93.000
93.440
93.900
94.360
94.820
95.270
95.730
96.190
96.660
97.120
97.570
98.020
98.480
98.930
99.400
99.850
100.310
100.760
101.230
101.670
102.140
102.580
103.060
103.500
103.980
104.420
104.880
105.330
105.790
106.250
106.690
107.150
107.620
108.060
108.520
108.980
109.430
109.880
110.330
110.800
111.260
111.710
112.170
112.620
113.090
113.540
114.000
114.460
114.900
115.360
115.810
116.280
116.740
117.200
117.680
118.130
118.600
119.060
119.520
119.970
120.440
120.890
121.350
121.810
122.280
122.740
123.190
123.660
124.130
124.590
125.050
125.500
125.960
126.410
126.880
127.340
127.810
128.250
128.730
129.180
129.650
130.110
130.580
131.040
131.510
131.960
132.440
132.890
133.360
133.810
134.280
134.730
135.200
135.640
136.110
136.560
137.020
137.490
137.960
138.420
138.880
139.350
139.820
140.260
140.720
141.180
141.650
142.110
142.580
143.030
143.500
143.960
144.440
144.900
145.360
145.810
146.280
146.740
147.210
147.690
148.160
148.610
149.090
149.550
150.010
150.470
150.940
151.390
151.860
152.320
152.780
153.240
153.710
154.170
154.650
155.100
155.570
156.020
156.490
156.950
157.430
157.890
158.350
158.820
159.300
159.790
160.280
160.760
161.220
161.700
162.180
162.660
163.140
163.620
164.100
