0.410
0.970
1.540
2.100
2.680
3.240
3.840
4.380
4.970
5.530
6.090
6.640
7.210
7.750
8.320
8.900
9.430
10.010
10.570
11.140
11.710
12.270
12.850
13.410
13.970
14.530
15.080
15.660
16.230
16.790
17.350
17.900
18.470
19.020
19.570
20.120
20.670
21.210
21.760
22.340
22.860
23.430
23.970
24.530
25.070
25.620
26.170
26.710
27.250
27.810
28.340
28.890
29.440
29.980
30.520
31.090
31.610
32.140
32.710
33.270
33.810
34.370
34.920
35.460
36.020
36.570
37.120
37.660
38.210
38.760
39.300
39.850
40.400
40.950
41.500
42.040
42.590
43.130
43.670
44.220
44.760
45.310
45.860
46.410
46.950
47.490
48.040
48.590
49.140
49.680
50.230
50.770
51.330
51.880
52.410
52.960
53.500
54.070
54.610
55.170
55.720
56.280
56.840
57.390
57.960
58.500
59.050
59.600
60.150
60.710
61.260
61.810
62.360
62.910
63.470
64.020
64.570
65.130
65.670
66.220
66.770
67.320
67.900
68.420
68.990
69.540
70.080
70.630
71.170
71.730
72.280
72.830
73.360
73.900
74.430
74.980
75.540
76.110
76.640
77.200
77.730
78.300
78.850
79.410
79.950
80.510
81.060
81.610
82.150
82.700
83.270
83.820
84.380
84.940
85.490
86.040
86.580
87.150
87.700
88.250
88.800
89.360
89.910
90.470
91.020
91.560
92.110
92.660
93.210
93.770
94.320
94.870
95.420
95.970
96.520
97.060
97.610
98.170
98.730
99.280
99.830
100.380
100.970
101.520
102.070
102.630
103.190
103.740
104.290
104.850
105.410
105.970
106.500
107.060
107.590
108.140
108.700
109.240
109.810
110.350
110.910
111.480
112.040
112.590
113.140
113.700
114.250
114.770
115.360
115.910
116.470
117.020
117.580
118.140
118.710
119.260
119.810
120.360
120.940
121.500
122.060
122.610
123.170
123.720
124.270
124.830
125.400
125.940
126.500
127.070
127.620
128.180
128.740
129.300
129.850
130.410
130.970
131.530
132.100
132.650
133.210
133.780
134.320
134.920
135.490
136.110
136.710
137.290
137.890
138.490
139.090
139.720
140.320
140.890
141.490
