0.380
0.850
1.280
1.730
2.160
2.580
3.010
3.460
3.890
4.350
4.780
5.230
5.660
6.080
6.510
6.950
7.400
7.850
8.300
8.760
9.200
9.650
10.110
10.560
11.010
11.460
11.910
12.360
12.810
13.260
13.700
14.150
14.600
15.040
15.510
15.950
16.390
16.840
17.290
17.740
18.200
18.630
19.080
19.530
19.980
20.420
20.870
21.320
21.770
22.230
22.680
23.130
23.590
24.030
24.490
24.940
25.400
25.850
26.310
26.760
27.230
27.670
28.110
28.580
29.050
29.490
29.940
30.400
30.850
31.300
31.750
32.210
32.670
33.120
33.570
34.030
34.480
34.940
35.390
35.850
36.330
36.760
37.210
37.670
38.120
38.580
39.020
39.480
39.940
40.390
40.850
41.320
41.780
42.240
42.700
43.150
43.610
44.070
44.520
44.990
45.440
45.870
46.320
46.770
47.220
47.680
48.130
48.590
49.040
49.470
49.920
50.380
50.830
51.280
51.740
52.190
52.640
53.070
53.520
53.970
54.430
54.890
55.370
55.810
56.250
56.710
57.160
57.620
58.070
58.530
58.970
59.440
59.890
60.330
60.770
61.230
61.690
62.140
62.590
63.050
63.510
63.960
64.410
64.870
65.320
65.770
66.220
66.680
67.140
67.590
68.040
68.490
68.960
69.410
69.850
70.320
70.770
71.220
71.670
72.120
72.570
73.010
73.480
73.910
74.360
74.830
75.280
75.740
76.190
76.650
77.110
77.570
78.020
78.490
78.940
79.390
79.840
80.310
80.770
81.230
81.680
82.140
82.580
83.050
83.510
83.970
84.430
84.890
85.340
85.800
86.240
86.700
87.160
87.600
88.050
88.530
88.980
89.430
89.880
90.340
90.800
91.250
91.730
92.170
92.620
93.070
93.520
93.980
94.440
94.900
95.350
95.810
96.280
96.710
97.170
97.630
98.090
98.550
99.000
99.460
99.920
100.380
100.840
101.310
101.770
102.230
102.690
103.150
103.600
104.060
104.510
104.990
105.440
105.890
106.350
106.810
107.280
107.740
108.190
108.650
109.110
109.570
110.030
110.510
110.960
111.410
111.870
112.350
112.810
113.250
113.710
114.190
114.630
115.090
115.560
116.030
116.490
116.950
117.410
117.870
118.330
