0.180
0.680
1.170
1.650
2.160
2.650
3.160
3.640
4.160
4.660
5.170
5.690
6.180
6.700
7.220
7.710
8.230
8.740
9.250
9.750
10.290
10.790
11.300
11.820
12.320
12.830
13.330
13.840
14.360
14.890
15.390
15.910
16.410
16.920
17.440
17.950
18.480
19.020
19.520
20.030
20.560
21.080
21.580
22.070
22.610
23.130
23.650
24.180
24.690
25.230
25.760
26.250
26.800
27.320
27.840
28.330
28.860
29.380
29.910
30.450
30.970
31.490
31.990
32.530
33.060
33.560
34.080
34.610
35.130
35.650
36.170
36.690
37.210
37.730
38.250
38.790
39.280
39.830
40.350
40.900
41.390
41.920
42.410
42.960
43.470
44.010
44.530
45.060
45.590
46.120
46.640
47.170
47.700
48.240
48.750
49.280
49.800
50.340
50.870
51.390
51.930
52.470
53.000
53.520
54.050
54.590
55.120
55.650
56.160
56.680
57.220
57.740
58.250
58.790
59.310
59.830
60.370
60.880
61.410
61.930
62.440
62.970
63.490
64.010
64.540
65.060
65.600
66.120
66.640
67.170
67.710
68.230
68.790
69.310
69.840
70.380
70.900
71.420
71.950
72.490
73.030
73.550
74.080
74.610
75.130
75.650
76.190
76.730
77.260
77.790
78.300
78.840
79.360
79.860
80.390
80.910
81.450
81.980
82.490
83.040
83.560
84.080
84.610
85.140
85.670
86.200
86.730
87.250
87.770
88.290
88.830
89.350
89.920
90.430
90.970
91.490
92.010
92.550
93.090
93.610
94.150
94.680
95.220
95.740
96.270
96.820
97.330
97.890
98.420
98.940
99.480
100.010
100.520
101.050
101.580
102.120
102.660
103.190
103.720
104.250
104.780
105.330
105.840
106.390
106.910
107.440
107.970
108.480
109.020
109.570
110.090
110.610
111.160
111.690
112.230
112.750
113.290
113.810
114.330
114.860
115.400
115.930
116.450
117.000
117.510
118.020
118.550
119.070
119.610
120.140
120.670
121.210
121.730
122.270
122.780
123.330
123.850
124.410
124.930
125.460
126.000
126.530
127.070
127.610
128.140
128.670
129.200
129.720
130.260
130.790
131.320
131.880
132.400
132.940
133.470
134.010
134.530
135.080
135.610
136.160
136.680
137.220
137.740
138.260
138.800
139.320
139.860
140.400
140.910
141.460
141.980
142.520
143.040
143.560
144.120
144.750
145.370
145.990
146.640
147.260
147.900
148.570
149.210
149.820
150.490
