0.200
0.550
0.920
1.310
1.670
2.040
2.410
2.810
3.190
3.550
3.930
4.330
4.700
5.060
5.440
5.820
6.210
6.590
6.950
7.330
7.720
8.090
8.480
8.850
9.230
9.620
10.010
10.380
10.780
11.160
11.570
11.940
12.320
12.700
13.080
13.460
13.860
14.230
14.600
14.990
15.360
15.760
16.120
16.510
16.920
17.280
17.670
18.040
18.430
18.810
19.200
19.590
19.990
20.360
20.750
21.140
21.530
21.920
22.310
22.690
23.080
23.460
23.830
24.230
24.610
24.970
25.350
25.740
26.120
26.490
26.870
27.250
27.640
28.010
28.400
28.780
29.160
29.550
29.960
30.330
30.730
31.110
31.490
31.870
32.250
32.630
33.030
33.400
33.780
34.160
34.550
34.930
35.340
35.700
36.090
36.470
36.850
37.230
37.610
37.990
38.390
38.760
39.160
39.540
39.940
40.310
40.690
41.080
41.480
41.860
42.250
42.630
43.030
43.410
43.810
44.190
44.580
44.970
45.340
45.740
46.120
46.480
46.870
47.260
47.660
48.040
48.440
48.810
49.210
49.590
50.000
50.380
50.760
51.150
51.560
51.930
52.320
52.710
53.110
53.490
53.890
54.270
54.670
55.050
55.450
55.850
56.220
56.610
57.010
57.380
57.760
58.160
58.540
58.920
59.310
59.710
60.090
60.480
60.880
61.260
61.670
62.040
62.430
62.830
63.220
63.590
63.980
64.370
64.770
65.140
65.540
65.920
66.320
66.720
67.110
67.490
67.880
68.280
68.650
69.040
69.440
69.830
70.230
70.600
71.010
71.400
71.790
72.170
72.570
72.940
73.350
73.720
74.120
74.510
74.920
75.310
75.710
76.070
76.450
76.850
77.230
77.590
77.990
78.390
78.810
79.180
79.570
79.960
80.370
80.740
81.140
81.520
81.930
82.310
82.710
83.080
83.480
83.870
84.270
84.660
85.040
85.410
85.800
86.200
86.590
86.980
87.360
87.750
88.150
88.530
88.920
89.310
89.700
90.090
90.500
90.890
91.280
91.670
92.040
92.430
92.830
93.210
93.620
94.000
94.400
94.770
95.160
95.560
95.960
96.340
96.740
97.120
97.520
97.900
98.300
98.690
99.090
99.480
99.880
100.250
100.640
101.050
101.420
101.790
102.180
102.550
102.930
103.330
103.730
104.100
104.510
104.890
105.290
105.690
106.080
106.480
106.890
107.280
107.690
108.060
108.480
108.860
109.270
109.670
110.080
110.450
110.830
111.230
111.590
111.970
112.360
112.760
113.170
113.550
113.950
114.330
114.740
115.120
115.520
115.920
116.320
116.700
117.110
117.490
117.900
118.290
118.680
119.080
119.480
119.860
120.220
120.620
120.990
121.360
121.740
122.130
122.450
122.760
123.080
123.410
123.730
124.050
124.370
124.680
125.010
125.330
125.640
125.960
126.280
126.600
126.930
127.250
127.570
127.880
128.210
128.530
128.840
129.160
129.490
129.810
