0.140
0.460
0.800
1.150
1.490
1.830
2.170
2.500
2.850
3.180
3.500
3.840
4.180
4.500
4.830
5.170
5.500
5.830
6.160
6.480
6.840
7.160
7.510
7.840
8.170
8.500
8.830
9.160
9.510
9.820
10.180
10.510
10.850
11.180
11.520
11.860
12.210
12.540
12.880
13.220
13.560
13.900
14.260
14.590
14.930
15.280
15.640
15.970
16.320
16.660
17.010
17.340
17.690
18.020
18.360
18.710
19.060
19.400
19.740
20.080
20.430
20.770
21.120
21.480
21.820
22.180
22.540
22.870
23.220
23.570
23.910
24.260
24.600
24.950
25.310
25.640
25.990
26.340
26.680
27.020
27.380
27.720
28.070
28.400
28.760
29.120
29.460
29.810
30.170
30.500
30.850
31.210
31.560
31.910
32.250
32.600
32.940
33.290
33.640
33.980
34.340
34.680
35.050
35.390
35.750
36.080
36.420
36.770
37.120
37.470
37.840
38.180
38.530
38.870
39.240
39.570
39.920
40.270
40.620
40.950
41.290
41.640
41.990
42.330
42.690
43.040
43.400
43.750
44.100
44.450
44.800
45.160
45.510
45.850
46.210
46.560
46.910
47.260
47.610
47.970
48.330
48.680
49.030
49.380
49.740
50.070
50.420
50.770
51.140
51.480
51.830
52.180
52.530
52.890
53.240
53.590
53.920
54.280
54.630
54.970
55.320
55.650
56.010
56.350
56.710
57.050
57.400
57.760
58.120
58.460
58.820
59.170
59.530
59.880
60.230
60.570
60.930
61.270
61.620
61.980
62.350
62.690
63.050
63.400
63.750
64.090
64.440
64.800
65.160
65.500
65.870
66.210
66.570
66.950
67.310
67.640
67.990
68.350
68.690
69.050
69.410
69.740
70.090
70.430
70.790
71.130
71.500
71.830
72.180
72.530
72.900
73.230
73.580
73.940
74.300
74.640
74.990
75.330
75.700
76.050
76.420
76.750
77.110
77.450
77.800
78.150
78.510
78.850
79.200
79.550
79.910
80.260
80.620
80.950
81.320
81.650
82.000
82.350
82.710
83.050
83.400
83.750
84.120
84.470
84.820
85.170
85.540
85.880
86.250
86.590
86.950
87.290
87.630
87.980
88.340
88.690
89.010
89.350
89.710
90.050
90.400
90.750
91.120
91.450
91.800
92.160
92.510
92.860
93.220
93.570
93.910
94.270
94.640
94.980
95.330
95.680
96.030
96.380
96.750
97.090
97.440
97.790
98.150
98.490
98.850
99.200
99.550
99.890
100.230
100.580
100.940
101.280
101.630
101.980
102.350
102.680
103.040
103.380
103.730
104.090
104.460
104.810
105.170
105.520
105.890
106.240
106.600
106.950
107.320
107.660
108.020
108.380
108.740
109.080
109.430
109.780
110.140
110.490
110.850
111.200
111.560
111.910
112.270
112.620
112.980
113.340
113.720
114.060
114.410
114.760
115.110
115.460
115.810
116.170
116.520
116.870
117.220
117.570
117.910
118.270
118.610
118.950
119.310
119.640
120.010
120.340
120.690
121.030
121.380
121.720
122.080
122.420
122.760
123.110
123.470
123.810
124.170
124.510
124.850
125.190
125.540
125.890
126.230
126.590
126.930
127.280
127.610
127.930
128.250
128.560
128.880
129.210
129.530
129.840
130.160
130.480
130.800
131.120
131.440
131.760
132.090
132.400
132.720
133.050
133.360
133.680
134.010
134.330
134.650
