0.430
0.870
1.310
1.710
2.120
2.540
2.940
3.340
3.750
4.180
4.590
5.010
5.430
5.850
6.280
6.690
7.110
7.520
7.950
8.370
8.790
9.210
9.630
10.040
10.460
10.870
11.290
11.710
12.130
12.550
12.970
13.390
13.810
14.210
14.630
15.060
15.470
15.900
16.320
16.730
17.160
17.580
18.000
18.420
18.830
19.260
19.680
20.100
20.510
20.930
21.360
21.770
22.200
22.620
23.040
23.460
23.870
24.290
24.720
25.130
25.560
25.990
26.410
26.820
27.240
27.650
28.080
28.500
28.910
29.330
29.760
30.180
30.590
31.000
31.420
31.840
32.260
32.680
33.110
33.520
33.930
34.350
34.770
35.200
35.610
36.030
36.470
36.880
37.290
37.710
38.130
38.560
39.000
39.420
39.840
40.270
40.690
41.120
41.540
41.960
42.390
42.810
43.240
43.670
44.080
44.490
44.930
45.350
45.790
46.200
46.630
47.050
47.480
47.900
48.330
48.740
49.180
49.610
50.030
50.460
50.890
51.310
51.730
52.160
52.580
53.010
53.430
53.870
54.280
54.710
55.130
55.560
55.970
56.420
56.830
57.250
57.670
58.100
58.520
58.950
59.370
59.810
60.220
60.640
61.050
61.470
61.890
62.330
62.740
63.180
63.600
64.030
64.450
64.880
65.310
65.720
66.160
66.590
67.020
67.450
67.870
68.290
68.720
69.140
69.570
69.990
70.420
70.840
71.260
71.700
72.120
72.550
72.960
73.390
73.830
74.250
74.660
75.080
75.530
75.950
76.380
76.800
77.220
77.610
78.040
78.480
78.920
79.340
79.770
80.200
80.620
81.060
81.480
81.890
82.330
82.750
83.180
83.600
84.030
84.450
84.880
85.300
85.730
86.150
86.590
87.000
87.440
87.870
88.290
88.720
89.150
89.580
90.010
90.440
90.880
91.300
91.750
92.180
92.600
93.020
93.460
93.880
94.310
94.730
95.160
95.570
95.990
96.420
96.850
97.270
97.700
98.120
98.540
98.970
99.400
99.810
100.250
100.650
101.100
101.530
101.950
102.380
102.820
103.230
103.670
104.100
104.530
104.960
105.380
105.810
106.260
106.670
107.110
107.540
107.980
108.390
108.820
109.250
109.690
110.110
110.550
110.970
111.400
111.820
112.240
112.660
113.110
113.550
113.980
114.410
114.850
115.290
115.720
116.150
116.590
117.000
117.440
117.870
118.310
118.740
119.160
119.580
120.010
120.450
120.870
121.300
121.730
122.160
122.590
123.000
123.430
123.870
124.300
124.730
125.160
125.580
126.010
126.450
126.900
127.330
127.790
128.210
128.670
129.130
129.570
130.050
130.550
131.010
131.490
131.970
132.450
132.930
