0.450
0.940
1.500
2.100
2.720
3.350
3.970
4.590
5.200
5.810
6.430
7.050
7.670
8.290
8.920
9.530
10.150
10.770
11.390
12.010
12.610
13.230
13.860
14.480
15.080
15.710
16.320
16.950
17.560
18.180
18.800
19.420
20.030
20.640
21.260
21.870
22.490
23.110
23.730
24.350
24.990
25.600
26.230
26.830
27.460
28.070
28.710
29.340
29.960
30.570
31.190
31.800
32.430
33.040
33.670
34.290
34.910
35.540
36.160
36.780
37.400
38.010
38.650
39.260
39.890
40.520
41.130
41.760
42.390
43.010
43.640
44.270
44.890
45.520
46.150
46.780
47.410
48.020
48.650
49.280
49.920
50.530
51.160
51.780
52.400
53.020
53.640
54.260
54.880
55.500
56.130
56.750
57.370
57.990
58.610
59.230
59.860
60.480
61.100
61.720
62.350
62.960
63.600
64.230
64.850
65.480
66.110
66.720
67.340
67.950
68.580
69.200
69.830
70.470
71.090
71.710
72.330
72.950
73.580
74.200
74.820
75.450
76.060
76.680
77.290
77.920
78.540
79.160
79.780
80.400
81.020
81.640
82.280
82.890
83.500
84.130
84.750
85.370
85.980
86.600
87.220
87.850
88.460
89.080
89.710
90.330
90.940
91.560
92.170
92.800
93.420
94.040
94.640
95.290
95.890
96.500
97.120
97.740
98.340
98.960
99.560
100.190
100.800
101.390
102.000
102.650
103.280
103.920
104.560
105.200
105.870
106.480
107.150
