0.200
0.630
1.060
1.480
1.920
2.350
2.770
3.200
3.640
4.080
4.500
4.940
5.370
5.800
6.220
6.660
7.080
7.530
7.940
8.380
8.810
9.240
9.670
10.100
10.530
10.970
11.390
11.820
12.250
12.680
13.110
13.540
13.960
14.400
14.830
15.260
15.690
16.120
16.540
16.970
17.390
17.830
18.260
18.690
19.110
19.550
19.970
20.400
20.820
21.260
21.700
22.120
22.540
22.980
23.410
23.840
24.270
24.710
25.140
25.580
26.010
26.440
26.870
27.310
27.740
28.160
28.610
29.060
29.470
29.910
30.340
30.770
31.200
31.650
32.090
32.520
32.950
33.400
33.840
34.270
34.710
35.150
35.580
36.020
36.450
36.890
37.320
37.750
38.180
38.630
39.060
39.490
39.920
40.360
40.790
41.220
41.660
42.100
42.530
42.960
43.390
43.830
44.270
44.700
45.140
45.570
46.010
46.440
46.870
47.300
47.750
48.190
48.620
49.050
49.470
49.900
50.330
50.780
51.190
51.630
52.050
52.500
52.930
53.370
53.800
54.250
54.690
55.130
55.560
56.000
56.430
56.870
57.310
57.740
58.180
58.610
59.060
59.490
59.940
60.360
60.790
61.220
61.670
62.110
62.550
62.980
63.410
63.840
64.270
64.710
65.140
65.570
66.000
66.430
66.870
67.300
67.730
68.160
68.590
69.020
69.460
69.900
70.330
70.750
71.190
71.620
72.050
72.480
72.930
73.360
73.790
74.230
74.660
75.120
75.550
76.000
76.430
76.870
77.310
77.760
78.190
78.630
79.070
79.510
79.940
80.380
80.820
81.260
81.680
82.120
82.570
83.000
83.440
83.880
84.320
84.760
85.190
85.620
86.070
86.500
86.940
87.380
87.820
88.260
88.710
89.130
89.590
90.030
90.470
90.910
91.350
91.790
92.220
92.660
93.090
93.520
93.950
94.400
94.830
95.270
95.710
96.150
96.590
97.020
97.460
97.900
98.340
98.780
99.220
99.650
100.100
100.530
100.980
101.410
101.840
102.270
102.690
103.120
103.580
104.000
104.430
104.860
105.300
105.730
106.160
106.590
107.020
107.450
107.880
108.310
108.740
109.180
109.630
110.040
110.490
110.910
111.330
111.760
112.200
112.620
113.050
113.490
113.920
114.360
114.800
115.240
115.670
116.110
116.550
116.980
117.420
117.860
118.280
118.740
119.180
119.620
120.050
120.490
120.930
121.370
121.800
122.240
122.680
123.130
123.560
124.000
124.430
124.870
125.310
125.760
126.190
126.640
127.060
127.500
127.940
128.390
128.830
129.270
129.710
130.150
130.580
131.040
131.470
131.910
132.340
132.780
133.210
133.650
134.080
134.520
134.950
135.400
135.840
136.280
136.710
137.150
137.590
138.030
138.470
138.920
139.350
139.800
140.240
140.680
141.120
141.550
142.010
142.450
142.900
143.340
143.780
144.220
144.660
145.090
145.540
145.990
146.430
146.870
147.310
147.760
148.190
148.620
149.080
149.530
149.960
150.400
150.840
151.290
151.730
152.170
152.610
153.050
153.480
153.940
154.380
154.850
155.290
155.750
156.200
156.650
157.100
157.550
158.000
158.430
