0.440
0.910
1.360
1.820
2.290
2.750
3.210
3.680
4.140
4.610
5.050
5.520
6.000
6.470
6.930
7.400
7.860
8.330
8.800
9.270
9.740
10.200
10.670
11.150
11.610
12.090
12.550
13.030
13.500
13.960
14.430
14.870
15.320
15.740
16.200
16.670
17.150
17.620
18.080
18.560
19.020
19.500
19.960
20.440
20.920
21.390
21.850
22.340
22.790
23.280
23.740
24.220
24.690
25.160
25.620
26.110
26.580
27.060
27.530
28.010
28.480
28.950
29.410
29.880
30.350
30.810
31.270
31.730
32.220
32.690
33.160
33.630
34.120
34.580
35.040
35.490
35.980
36.440
36.910
37.390
37.850
38.320
38.790
39.270
39.720
40.200
40.670
41.150
41.610
42.080
42.540
43.040
43.500
43.970
44.440
44.880
45.340
45.770
46.220
46.700
47.180
47.660
48.130
48.610
49.080
49.550
50.020
50.500
50.970
51.450
51.910
52.410
52.870
53.340
53.810
54.290
54.750
55.230
55.710
56.190
56.660
57.130
57.610
58.100
58.560
59.040
59.510
60.000
60.460
60.930
61.410
61.870
62.350
62.820
63.280
63.760
64.230
64.710
65.180
65.630
66.130
66.600
67.070
67.560
68.020
68.500
68.970
69.450
69.930
70.400
70.870
71.360
71.850
72.320
72.790
73.290
73.760
74.250
74.720
75.190
75.670
76.150
76.630
77.110
77.610
78.090
78.560
79.040
79.520
80.000
80.470
80.950
81.430
81.920
82.380
82.870
83.330
83.810
84.280
84.770
85.240
85.720
86.200
86.690
87.160
87.640
88.120
88.620
89.090
89.560
90.040
90.540
91.010
91.500
91.980
92.480
92.970
93.450
93.920
94.390
94.890
95.350
95.830
96.320
96.800
97.270
97.770
98.250
98.730
99.200
99.690
100.180
100.650
101.120
101.610
102.090
102.560
103.040
103.520
104.010
104.490
104.960
105.440
105.940
106.410
106.880
107.370
107.860
108.330
108.810
109.280
109.770
110.260
110.730
111.200
111.690
112.180
112.660
113.140
113.630
114.110
114.600
115.070
115.520
116.020
116.500
116.970
117.460
117.920
118.410
118.890
119.380
119.860
120.350
120.820
121.320
121.800
122.290
122.770
123.280
123.760
124.240
124.730
125.200
125.690
126.160
126.640
127.140
127.630
128.100
128.590
129.090
129.570
130.060
130.530
130.980
131.460
131.900
132.360
132.830
133.320
133.790
134.240
134.710
135.180
135.670
136.140
136.610
137.080
137.550
138.020
