0.430
0.910
1.360
1.820
2.260
2.730
3.160
3.610
4.060
4.530
5.000
5.450
5.900
6.370
6.840
7.300
7.760
8.240
8.700
9.160
9.630
10.090
10.550
11.010
11.480
11.940
12.390
12.860
13.330
13.780
14.240
14.690
15.150
15.630
16.090
16.560
17.040
17.510
17.970
18.440
18.910
19.380
19.840
20.320
20.790
21.240
21.700
22.170
22.630
23.090
23.520
23.970
24.430
24.870
25.320
25.770
26.240
26.710
27.160
27.640
28.100
28.560
29.020
29.480
29.950
30.420
30.890
31.350
31.810
32.280
32.730
33.210
33.660
34.130
34.610
35.080
35.540
36.010
36.470
36.950
37.410
37.870
38.350
38.830
39.280
39.750
40.210
40.680
41.140
41.620
42.090
42.560
43.020
43.490
43.950
44.420
44.870
45.330
45.760
46.210
46.660
47.120
47.580
48.030
48.490
48.950
49.420
49.880
50.330
50.790
51.270
51.740
52.200
52.680
53.140
53.610
54.060
54.540
55.000
55.460
55.940
56.410
56.870
57.330
57.800
58.270
58.730
59.200
59.680
60.130
60.610
61.080
61.550
62.030
62.480
62.950
63.420
63.910
64.380
64.850
65.330
65.800
66.280
66.750
67.210
67.690
68.160
68.630
69.100
69.570
70.020
70.480
70.930
71.410
71.880
72.340
72.810
73.280
73.740
74.210
74.680
75.150
75.630
76.080
76.540
77.010
77.480
77.940
78.420
78.890
79.350
79.820
80.290
80.760
81.210
81.690
82.140
82.590
83.040
83.510
83.960
84.420
84.880
85.340
85.820
86.260
86.730
87.200
87.650
88.100
88.530
88.980
89.460
89.930
90.400
90.870
91.330
91.810
92.280
92.730
93.200
93.670
94.150
94.610
95.080
95.540
96.020
96.480
96.950
97.410
97.880
98.340
98.800
99.280
99.740
100.210
100.670
101.130
101.600
102.060
102.530
102.990
103.450
103.910
104.370
104.840
105.320
105.780
106.240
106.710
107.170
107.620
108.100
108.570
109.040
109.500
109.960
110.410
110.890
111.360
111.820
112.290
112.780
113.240
113.710
114.170
114.640
115.110
115.580
116.050
116.520
116.990
117.470
117.950
118.410
118.880
119.360
119.810
120.300
120.750
121.240
121.710
122.210
122.680
123.140
123.620
124.100
124.580
125.080
125.540
126.040
126.500
126.980
127.460
127.930
128.410
128.880
129.360
129.830
130.300
130.780
131.250
131.730
132.200
132.670
133.140
133.610
134.080
134.550
135.020
135.500
135.970
136.440
136.910
137.380
137.850
138.330
138.800
139.270
139.740
140.220
140.700
141.160
141.640
142.100
142.560
143.000
143.470
143.920
144.390
144.860
145.320
145.790
146.280
146.750
147.210
147.670
148.140
148.610
149.100
149.570
150.020
150.510
150.980
151.450
151.910
152.390
152.850
153.330
153.810
154.310
154.790
155.250
155.730
156.210
156.690
157.170
