0.440
0.930
1.390
1.860
2.340
2.790
3.270
3.730
4.220
4.690
5.170
5.640
6.110
6.590
7.060
7.530
8.010
8.490
8.970
9.430
9.900
10.390
10.850
11.340
11.800
12.290
12.760
13.220
13.720
14.200
14.670
15.140
15.620
16.100
16.570
17.050
17.530
17.990
18.470
18.960
19.430
19.900
20.370
20.850
21.320
21.790
22.270
22.740
23.210
23.700
24.170
24.650
25.120
25.610
26.090
26.570
27.040
27.530
28.000
28.480
28.960
29.420
29.890
30.370
30.850
31.310
31.800
32.270
32.760
33.220
33.690
34.170
34.660
35.130
35.610
36.080
36.570
37.040
37.530
38.010
38.500
38.960
39.450
39.930
40.420
40.910
41.400
41.860
42.360
42.830
43.320
43.780
44.260
44.740
45.210
45.700
46.160
46.640
47.140
47.620
48.100
48.570
49.060
49.540
50.030
50.500
50.980
51.450
51.940
52.430
52.910
53.380
53.880
54.360
54.830
55.320
55.780
56.270
56.750
57.230
57.700
58.190
58.660
59.160
59.640
60.110
60.590
61.080
61.560
62.040
62.520
63.000
63.500
63.990
64.480
64.950
65.440
65.920
66.400
66.880
67.370
67.850
68.340
68.820
69.290
69.790
70.260
70.740
71.230
71.720
72.200
72.670
73.160
73.630
74.120
74.610
75.090
75.570
76.070
76.530
77.020
77.510
77.980
78.460
78.950
79.430
79.920
80.400
80.880
81.360
81.830
82.340
82.830
83.300
83.810
84.280
84.760
85.240
85.730
86.200
86.680
87.170
87.650
88.140
88.630
89.120
89.590
90.080
90.560
91.050
91.540
92.020
92.510
92.990
93.480
93.960
94.440
94.920
95.410
95.900
96.390
96.870
97.360
97.840
98.310
98.800
99.290
99.790
100.270
100.760
101.250
101.720
102.210
102.710
103.200
103.690
104.190
104.680
105.160
105.660
106.150
106.620
107.120
107.600
108.100
108.560
109.070
109.550
110.040
110.520
111.010
111.490
111.980
112.470
112.970
113.450
113.940
114.420
114.900
115.390
115.890
116.370
116.860
117.350
117.820
118.320
118.820
119.300
119.790
120.280
120.770
121.240
121.730
122.220
122.700
123.180
123.670
124.160
124.630
125.130
125.600
126.070
126.580
127.080
127.580
128.070
128.570
129.050
129.560
130.040
130.540
131.020
131.510
132.010
132.500
132.980
133.470
133.960
134.440
134.940
135.440
135.920
136.420
136.890
137.390
137.870
138.360
138.840
139.320
139.780
140.260
