0.740
1.500
2.310
3.090
3.890
4.720
5.510
6.320
7.150
7.990
8.780
9.590
10.310
11.080
11.720
12.400
13.120
13.800
14.440
15.100
15.750
16.480
17.140
17.920
18.680
19.430
20.170
20.920
21.650
22.400
23.130
23.880
24.600
25.250
25.870
26.450
27.070
27.690
28.280
28.910
29.520
30.170
30.790
31.400
31.980
32.620
33.230
33.810
34.450
35.000
35.610
36.190
36.740
37.320
37.930
38.490
39.050
39.610
40.160
40.700
41.260
41.830
42.390
42.970
43.520
44.050
44.610
45.140
45.710
46.240
46.820
47.370
47.900
48.470
48.990
49.550
50.120
50.670
51.220
51.750
52.320
52.840
53.400
54.110
54.870
55.590
56.300
56.980
57.620
58.290
58.910
59.540
60.210
60.850
61.460
62.100
62.740
63.410
64.050
64.690
65.330
65.950
66.610
67.250
67.890
68.500
69.140
69.790
70.420
71.090
71.700
72.390
73.070
73.720
74.370
75.090
75.740
76.450
77.120
77.790
78.440
79.050
79.720
80.330
80.980
81.660
82.310
82.960
83.570
84.210
84.870
85.510
86.150
86.800
87.410
88.090
88.730
89.430
90.080
90.740
91.370
92.070
92.730
93.360
94.030
94.730
95.370
96.080
96.740
97.410
97.990
98.550
99.080
99.670
100.200
100.770
101.320
101.900
102.470
103.020
103.580
104.140
104.710
105.270
105.830
106.360
106.920
107.480
108.050
108.620
109.190
109.750
110.290
110.840
111.430
111.980
112.540
113.120
113.670
114.230
114.840
115.440
116.000
116.650
117.250
117.870
118.530
119.150
119.820
120.460
121.070
121.730
122.350
123.020
123.660
124.270
124.940
125.570
126.190
126.860
127.500
128.110
128.750
129.390
130.070
130.720
131.360
132.100
132.840
133.540
134.320
135.020
135.790
136.500
137.270
138.020
138.750
139.440
140.180
140.850
141.600
142.310
142.980
143.720
144.540
145.290
146.080
146.910
147.690
148.490
149.230
150.030
150.820
151.550
152.230
152.970
153.650
154.350
155.060
155.810
156.500
157.200
157.900
158.610
159.350
160.070
160.810
161.490
162.210
162.950
163.680
164.370
165.130
165.850
166.560
167.230
167.940
168.690
169.360
170.100
170.790
171.440
172.110
172.820
173.460
174.090
174.740
175.380
175.990
176.630
177.300
177.910
178.580
179.190
179.830
180.500
181.170
181.860
182.540
183.170
183.820
184.460
185.080
185.730
186.380
186.990
187.660
188.270
188.940
189.580
190.190
190.840
191.470
192.140
192.770
193.410
194.010
194.650
195.290
195.940
196.590
197.220
197.860
198.500
199.160
199.800
200.420
201.060
201.660
202.290
202.950
203.570
204.180
204.820
205.480
206.100
206.770
207.380
208.050
208.660
209.320
210.010
210.710
211.380
212.080
212.750
213.480
214.190
214.850
215.570
216.300
217.070
217.780
218.520
219.220
219.870
220.580
221.250
222.030
222.780
223.570
224.320
225.050
225.850
226.570
227.370
228.130
228.880
229.570
230.250
230.990
231.690
232.380
233.060
233.750
234.470
235.190
235.850
236.590
237.270
237.990
238.660
239.400
240.120
240.920
241.690
242.500
243.250
244.060
244.840
245.580
246.360
247.180
247.960
248.700
249.520
250.280
251.060
251.860
252.620
253.400
254.160
254.960
255.800
256.560
257.440
258.220
259.120
259.940
260.830
261.720
262.650
263.510
264.470
265.380
266.250
267.170
268.150
269.190
270.310
271.370
272.370
273.410
274.400
275.490
276.600
277.660
278.740
279.830
280.790
281.750
282.730
283.650
284.550
285.510
286.400
287.370
288.290
289.220
290.110
290.980
291.830
292.720
293.560
294.440
295.330
296.180
297.040
297.890
298.830
299.700
300.560
301.500
302.370
303.260
304.210
305.110
305.990
306.910
307.880
308.950
309.940
310.960
311.960
312.990
314.030
315.000
316.020
316.980
318.030
318.990
320.010
320.990
322.010
322.980
323.960
324.980
325.940
326.980
328.000
328.970
329.980
330.960
331.980
332.960
333.950
334.960
336.000
336.950
337.960
339.040
340.010
341.070
342.090
342.950
343.870
344.750
345.640
346.580
347.480
348.350
349.270
350.210
351.120
351.980
352.930
353.880
354.930
355.990
357.060
358.120
359.120
360.150
361.160
362.210
363.150
364.030
364.960
365.940
366.830
367.800
368.730
369.640
370.540
371.510
372.410
373.350
374.270
375.260
376.180
377.110
378.060
378.940
379.890
380.800
381.780
382.680
383.570
384.500
385.370
386.280
387.190
388.100
389.060
389.920
390.870
391.760
392.650
393.610
394.520
395.420
396.290
397.220
398.140
399.040
399.940
400.930
401.910
402.850
403.790
404.770
405.700
406.640
407.530
408.430
409.390
410.280
411.260
412.310
413.310
414.270
415.310
416.220
417.230
418.130
419.060
420.020
420.910
421.850
422.800
423.700
424.750
425.710
426.740
427.710
428.730
429.740
430.780
431.800
432.790
433.730
434.730
435.670
436.690
437.740
438.760
439.730
440.780
441.780
442.720
443.620
444.570
445.570
446.580
447.530
448.580
449.560
450.490
451.490
452.460
453.460
454.370
455.300
456.240
457.150
458.080
459.020
460.030
461.070
462.100
463.100
464.190
465.300
466.380
467.450
468.570
469.660
470.700
471.740
472.740
473.720
474.690
475.700
476.740
477.680
478.720
479.620
480.460
481.390
482.250
483.150
484.060
484.820
485.650
486.440
487.260
488.010
488.780
489.590
490.380
491.170
491.940
492.740
493.580
494.350
495.160
495.940
496.740
497.510
498.310
499.100
499.870
500.700
501.450
