0.150
0.620
1.100
1.590
2.080
2.550
3.010
3.470
3.930
4.410
4.830
5.270
5.700
6.150
6.580
7.000
7.430
7.860
8.280
8.710
9.120
9.570
10.000
10.430
10.870
11.320
11.760
12.190
12.620
13.060
13.520
13.960
14.390
14.830
15.240
15.680
16.120
16.570
17.000
17.440
17.870
18.320
18.760
19.180
19.600
20.060
20.520
20.950
21.400
21.800
22.230
22.630
23.040
23.500
23.950
24.390
24.840
25.300
25.730
26.180
26.630
27.080
27.540
28.000
28.450
28.900
29.330
29.790
30.230
30.700
31.130
31.570
32.010
32.460
32.910
33.350
33.770
34.230
34.660
35.110
35.550
36.000
36.460
36.910
37.340
37.800
38.220
38.670
39.100
39.560
39.980
40.440
40.860
41.320
41.740
42.190
42.620
43.070
43.520
43.970
44.410
44.860
45.290
45.710
46.110
46.580
47.020
47.470
47.920
48.370
48.830
49.270
49.710
50.170
50.630
51.090
51.520
51.990
52.430
52.890
53.330
53.790
54.220
54.670
55.120
55.580
56.000
56.440
56.890
57.340
57.760
58.210
58.660
59.110
59.540
59.990
60.430
60.870
61.300
61.740
62.180
62.640
63.070
63.520
63.960
64.410
64.870
65.290
65.730
66.190
66.630
67.060
67.510
67.970
68.430
68.860
69.300
69.750
70.180
70.640
71.080
71.540
72.000
72.450
72.880
73.350
73.800
74.230
74.680
75.140
75.600
76.040
76.480
76.940
77.380
77.820
78.260
78.720
79.160
79.600
80.050
80.500
80.960
81.400
81.840
82.310
82.760
83.200
83.640
84.050
84.500
84.910
85.340
85.800
86.250
86.710
87.160
87.630
88.080
88.530
88.990
89.460
89.920
90.380
90.830
91.310
91.770
92.210
92.680
93.150
93.600
94.060
94.510
94.970
95.400
95.870
96.310
96.770
97.200
97.660
98.100
98.560
99.030
99.490
99.950
100.410
100.840
101.290
101.750
102.210
102.650
103.100
103.550
104.000
104.460
104.910
105.360
105.800
106.280
106.720
107.190
107.620
108.070
108.490
108.930
109.390
109.850
110.300
110.760
111.240
111.690
112.150
112.600
113.070
113.530
113.990
114.450
114.920
115.390
115.850
116.310
116.780
117.230
117.680
118.150
118.610
119.060
119.520
119.960
120.430
120.870
121.320
121.790
122.230
122.710
123.160
123.600
124.070
124.500
124.960
125.410
125.870
126.340
126.780
127.230
127.690
128.120
128.580
129.030
129.490
129.970
130.420
130.860
131.290
131.720
132.130
132.560
133.040
133.500
133.960
134.410
134.880
135.340
135.780
136.240
136.720
137.190
137.650
138.110
138.550
139.030
139.500
139.960
140.440
140.900
141.350
141.820
142.280
142.770
143.230
143.660
144.120
144.580
145.030
145.470
145.930
146.370
146.810
147.260
147.720
148.180
148.620
149.060
149.520
149.950
150.390
150.840
151.300
151.740
152.180
152.630
153.080
153.540
153.970
154.420
154.870
155.340
155.810
156.250
156.730
157.170
157.630
158.090
158.550
