0.400
0.860
1.300
1.740
2.170
2.610
3.040
3.480
3.920
4.370
4.800
5.230
5.670
6.100
6.510
6.930
7.370
7.790
8.230
8.650
9.090
9.540
9.980
10.420
10.840
11.280
11.710
12.150
12.580
13.010
13.430
13.850
14.290
14.720
15.160
15.610
16.030
16.480
16.930
17.370
17.820
18.270
18.720
19.150
19.580
20.030
20.460
20.910
21.350
21.810
22.260
22.700
23.150
23.590
24.010
24.450
24.880
25.320
25.750
26.170
26.610
27.040
27.480
27.910
28.330
28.760
29.200
29.640
30.090
30.510
30.940
31.360
31.800
32.250
32.680
33.120
33.550
33.990
34.430
34.870
35.310
35.750
36.190
36.630
37.070
37.480
37.930
38.360
38.810
39.240
39.680
40.130
40.550
40.990
41.450
41.860
42.310
42.730
43.170
43.600
44.040
44.480
44.910
45.350
45.790
46.240
46.680
47.120
47.550
48.010
48.440
48.880
49.320
49.770
50.200
50.650
51.080
51.500
51.930
52.360
52.780
53.210
53.660
54.090
54.530
54.980
55.410
55.840
56.270
56.700
57.140
57.580
58.010
58.470
58.900
59.340
59.780
60.210
60.620
61.050
61.500
61.920
62.380
62.810
63.250
63.660
64.110
64.530
64.960
65.390
65.830
66.270
66.700
67.130
67.560
68.000
68.420
68.850
69.300
69.750
70.190
70.630
71.050
71.500
71.930
72.370
72.810
73.250
73.680
74.110
74.540
74.970
75.390
75.820
76.250
76.690
77.120
77.560
77.980
78.400
78.850
79.270
79.710
80.150
80.570
81.010
81.450
81.870
82.310
82.730
83.160
83.570
84.000
84.420
84.850
85.280
85.710
86.150
86.580
87.010
87.440
87.880
88.310
88.740
89.170
89.590
90.010
90.450
90.880
91.310
91.740
92.170
92.610
93.040
93.470
93.910
94.350
94.780
95.220
95.630
96.060
96.490
96.920
97.350
97.770
98.210
98.630
99.040
99.460
99.920
100.350
100.790
101.220
101.660
102.090
102.510
102.950
103.380
103.810
104.250
104.680
105.120
105.550
105.990
106.420
106.870
107.310
107.760
108.230
108.670
109.100
109.540
109.980
110.440
110.860
111.310
111.740
112.190
112.610
113.040
113.490
113.920
114.360
114.800
115.240
115.680
116.120
116.560
117.000
117.440
117.860
118.310
118.740
119.180
119.620
120.050
120.480
120.930
121.370
121.840
122.290
122.740
123.170
123.630
124.070
124.540
124.990
125.420
125.870
126.320
126.770
127.230
