0.590
1.230
1.800
2.350
2.930
3.490
4.060
4.630
5.190
5.780
6.350
6.920
7.480
8.080
8.670
9.240
9.800
10.380
10.960
11.530
12.100
12.680
13.250
13.820
14.420
14.980
15.600
16.160
16.750
17.320
17.930
18.490
19.070
19.660
20.240
20.810
21.410
21.990
22.590
23.150
23.730
24.280
24.860
25.430
26.010
26.580
27.150
27.730
28.300
28.880
29.460
30.030
30.610
31.190
31.780
32.350
32.940
33.540
34.130
34.730
35.310
35.900
36.480
37.020
37.610
38.170
38.760
39.330
39.920
40.470
41.060
41.630
42.230
42.800
43.400
43.970
44.550
45.140
45.700
46.270
46.860
47.440
48.030
48.600
49.170
49.780
50.360
50.930
51.530
52.110
52.710
53.270
53.850
54.450
55.040
55.590
56.110
56.670
57.270
57.830
58.400
58.960
59.550
60.130
60.700
61.270
61.850
62.450
63.000
63.600
64.180
64.790
65.360
65.930
66.530
67.120
67.710
68.310
68.890
69.520
70.090
70.680
71.270
71.860
72.410
73.020
73.570
74.160
74.730
75.330
75.910
76.470
77.040
77.590
78.190
78.740
79.320
79.880
80.480
81.050
81.640
82.250
82.840
83.400
83.970
84.550
85.160
85.730
86.300
86.870
87.460
88.010
88.610
89.190
89.780
90.330
90.930
91.510
92.090
92.660
93.250
93.840
94.430
94.990
95.590
96.150
96.740
97.310
97.900
98.480
99.070
99.620
100.230
100.770
101.370
101.930
102.530
103.090
103.680
104.290
104.880
105.460
106.070
106.650
107.250
107.820
108.390
108.970
109.560
110.150
110.720
111.320
111.880
112.480
113.030
113.640
114.230
114.800
115.400
115.980
116.560
117.160
117.710
118.300
118.890
119.510
120.090
120.690
121.280
121.860
122.450
123.030
123.620
124.210
124.810
125.360
125.930
126.520
127.110
127.660
128.260
128.840
129.450
130.010
130.610
131.220
131.810
132.370
132.990
133.550
134.160
134.700
135.280
135.850
136.440
136.990
137.580
138.150
138.740
139.310
139.900
140.470
141.070
141.660
142.230
142.820
143.400
143.980
144.550
145.130
145.730
146.270
146.870
147.430
148.050
148.620
149.210
149.800
150.360
150.960
151.530
152.140
152.720
153.310
153.900
154.470
155.080
155.680
156.250
156.840
157.410
158.010
158.580
159.150
159.760
160.320
160.920
161.520
162.110
162.680
163.300
163.860
164.430
165.030
165.600
166.190
166.810
167.390
167.960
168.580
169.140
169.730
170.330
170.940
171.500
172.100
172.730
173.390
174.010
174.670
175.320
175.960
176.570
177.210
177.850
178.520
179.160
179.770
180.440
181.060
