0.440
1.350
2.310
3.210
4.130
5.110
6.000
6.940
7.850
8.790
9.670
10.600
11.510
12.230
12.990
13.750
14.540
15.310
16.030
16.740
17.450
18.180
18.930
19.700
20.530
21.440
22.300
23.210
23.990
24.820
25.640
26.400
27.230
28.010
28.750
29.550
30.360
31.160
31.900
32.710
33.330
33.950
34.540
35.180
35.790
36.290
36.780
37.240
37.720
38.200
38.690
39.170
39.660
40.120
40.630
41.100
41.590
42.090
42.550
43.030
43.510
44.010
44.490
44.960
45.450
45.920
46.410
46.880
47.350
47.830
48.330
48.780
49.250
49.720
50.200
50.680
51.130
51.580
52.060
52.500
52.960
53.430
53.910
54.390
54.880
55.370
55.850
56.310
56.810
57.280
57.750
58.270
58.740
59.250
59.730
60.220
60.680
61.140
61.610
62.090
62.580
63.050
63.540
64.030
64.500
64.970
65.430
65.910
66.400
66.900
67.410
67.890
68.380
68.890
69.390
69.880
70.390
70.860
71.340
71.850
72.350
72.810
73.300
73.790
74.270
74.750
75.220
75.700
76.210
76.690
77.180
77.670
78.150
78.620
79.110
79.570
80.040
80.510
80.970
81.460
81.960
82.460
82.950
83.430
83.940
84.410
84.900
85.410
85.870
86.390
86.880
87.370
87.830
88.310
88.810
89.290
89.760
90.240
90.690
91.180
91.650
92.130
92.600
93.080
93.560
94.040
94.490
94.960
95.440
95.910
96.400
96.860
97.370
97.850
98.330
98.820
99.300
99.780
100.280
100.760
101.260
101.750
102.250
102.710
103.200
103.690
104.210
104.680
105.170
105.670
106.140
106.620
107.120
107.610
108.140
108.620
109.110
109.610
110.100
110.560
111.060
111.540
112.050
112.520
112.990
113.480
113.970
114.440
114.950
115.410
115.910
116.390
116.900
117.370
117.860
118.310
118.790
119.270
119.740
120.210
120.680
121.140
121.600
122.090
122.560
123.060
123.560
124.050
124.540
125.040
125.500
125.990
126.480
127.000
127.460
127.970
128.440
128.910
129.390
129.870
130.360
130.820
131.290
131.760
132.240
132.690
133.180
133.650
134.120
134.600
135.070
135.560
136.030
136.500
136.990
137.460
137.990
138.490
138.960
139.470
139.960
140.450
140.930
141.430
141.940
142.400
142.910
143.400
143.890
144.350
144.830
145.310
145.800
146.290
146.760
147.210
147.680
148.150
148.590
149.070
149.530
150.020
150.510
150.970
151.470
151.940
152.450
152.940
153.430
153.920
154.400
154.890
155.370
155.850
156.300
156.750
157.180
157.640
158.060
158.490
158.910
159.320
159.710
160.140
160.530
160.930
161.320
161.720
162.110
162.520
162.900
163.280
163.670
164.050
164.420
164.830
165.210
165.610
165.990
166.410
166.790
167.180
167.570
167.940
168.330
168.710
169.080
169.490
169.880
170.260
170.640
171.020
171.410
171.790
172.170
172.550
172.930
173.310
173.690
174.070
174.420
174.810
175.180
175.530
175.890
176.210
176.520
176.840
177.160
177.490
177.810
178.120
178.450
178.770
179.080
179.410
179.730
180.040
180.360
180.680
181.000
