1.050
2.020
3.030
3.980
4.900
5.770
6.730
7.560
8.450
9.360
10.110
10.900
11.670
12.400
13.120
13.850
14.560
15.330
16.060
16.820
17.540
18.250
18.980
19.700
20.410
21.130
21.850
22.600
23.300
24.030
24.750
25.470
26.180
26.910
27.640
28.360
29.070
29.790
30.520
31.270
31.970
32.680
33.410
34.170
34.900
35.610
36.330
37.010
37.730
38.470
39.200
39.930
40.650
41.370
42.080
42.790
43.510
44.240
44.960
45.680
46.380
47.140
47.860
48.590
49.320
50.020
50.760
51.480
52.210
52.940
53.690
54.390
55.100
55.850
56.530
57.280
57.980
58.720
59.440
60.170
60.890
61.580
62.310
63.040
63.770
64.460
65.160
65.910
66.620
67.300
68.020
68.770
69.500
70.240
70.950
71.660
72.380
73.100
73.810
74.570
75.300
76.000
76.710
77.440
78.160
78.860
79.600
80.320
81.050
81.750
82.470
83.190
83.900
84.640
85.360
86.080
86.830
87.550
88.300
89.010
89.700
90.400
91.130
91.890
92.600
93.350
94.060
94.810
95.540
96.260
96.960
97.680
98.390
99.130
99.810
100.540
101.260
101.960
102.660
103.430
104.180
104.910
105.630
106.360
107.100
107.820
108.550
109.330
110.060
110.760
111.500
112.220
112.930
113.660
114.370
115.130
115.870
116.570
117.290
118.010
118.760
119.460
120.180
120.940
121.640
122.410
123.120
123.850
124.550
125.260
125.970
126.740
127.470
128.170
128.920
129.630
130.370
131.100
131.810
132.580
133.330
134.060
134.770
135.530
136.280
137.020
137.780
138.550
139.290
140.010
140.780
141.530
142.260
143.050
143.760
144.550
145.260
