0.470
1.000
1.590
2.120
2.700
3.280
3.860
4.430
4.960
5.550
6.080
6.660
7.190
7.760
8.320
8.870
9.390
9.970
10.510
11.040
11.600
12.190
12.730
13.260
13.800
14.350
14.880
15.380
15.940
16.500
17.050
17.590
18.140
18.710
19.240
19.780
20.320
20.850
21.390
21.940
22.480
23.010
23.550
24.100
24.650
25.190
25.730
26.270
26.810
27.360
27.900
28.440
28.980
29.520
30.070
30.590
31.130
31.690
32.230
32.760
33.310
33.850
34.360
34.910
35.450
36.000
36.550
37.090
37.630
38.180
38.720
39.280
39.810
40.350
40.890
41.410
41.960
42.500
43.040
43.580
44.110
44.630
45.180
45.700
46.240
46.780
47.300
47.850
48.390
48.920
49.450
49.980
50.520
51.060
51.610
52.150
52.660
53.200
53.740
54.300
54.840
55.400
55.930
56.480
57.020
57.560
58.090
58.640
59.180
59.740
60.280
60.820
61.360
61.930
62.460
62.990
63.530
64.080
64.610
65.150
65.690
66.220
66.760
67.310
67.840
68.380
68.920
69.460
70.000
70.550
71.090
71.640
72.180
72.730
73.260
73.790
74.350
74.870
75.400
75.940
76.480
77.000
77.550
78.070
78.610
79.120
79.660
80.190
80.730
81.270
81.800
82.330
82.870
83.400
83.930
84.470
85.010
85.540
86.070
86.620
87.140
87.680
88.230
88.780
89.360
89.930
90.450
90.990
91.530
92.090
92.630
93.200
93.750
94.330
94.860
95.400
95.960
96.510
97.050
97.610
98.180
98.730
99.260
99.830
100.350
100.910
101.440
101.960
102.510
103.040
103.630
104.180
104.740
105.290
105.840
106.370
106.920
107.460
108.010
108.560
109.090
109.630
110.180
110.720
111.260
111.800
112.350
112.880
113.420
113.960
114.510
115.050
115.580
116.110
116.650
117.200
117.730
118.270
118.800
119.350
119.900
120.440
120.980
121.530
122.060
122.620
123.150
123.710
124.250
124.810
125.330
125.870
126.400
126.950
127.480
128.030
128.550
129.100
129.640
130.180
130.690
131.260
131.770
132.310
132.830
133.360
133.890
134.440
134.970
135.490
136.020
136.560
137.120
137.640
138.170
138.700
139.240
139.780
140.330
140.870
141.400
141.940
142.460
143.000
143.540
144.070
144.620
145.150
145.680
146.220
146.770
147.330
147.840
148.390
148.920
149.450
149.980
150.520
151.030
151.570
152.100
152.660
153.200
153.730
154.250
154.740
155.200
155.680
156.160
156.640
157.120
157.600
158.100
158.580
159.060
159.540
160.020
