0.430
0.970
1.520
2.040
2.600
3.180
3.740
4.280
4.820
5.370
5.880
6.420
6.940
7.510
8.060
8.600
9.160
9.710
10.250
10.820
11.340
11.880
12.460
13.010
13.560
14.100
14.650
15.190
15.740
16.300
16.860
17.430
17.970
18.540
19.080
19.620
20.160
20.710
21.260
21.830
22.370
22.920
23.480
24.000
24.560
25.120
25.660
26.230
26.780
27.360
27.930
28.490
29.020
29.580
30.160
30.710
31.250
31.810
32.340
32.890
33.420
34.000
34.540
35.100
35.650
36.210
36.770
37.300
37.840
38.410
38.940
39.500
40.060
40.620
41.170
41.710
42.250
42.800
43.370
43.900
44.430
44.990
45.520
46.100
46.650
47.230
47.760
48.330
48.930
49.500
50.060
50.610
51.150
51.710
52.290
52.850
53.420
54.010
54.560
55.130
55.700
56.280
56.850
57.420
57.980
58.530
59.110
59.680
60.250
60.800
61.390
61.940
62.540
63.100
63.670
64.250
64.810
65.390
65.950
66.510
67.080
67.630
68.220
68.800
69.360
69.930
70.500
71.060
71.630
72.200
72.780
73.330
73.910
74.470
75.030
75.600
76.170
76.760
77.320
77.890
78.440
79.020
79.610
80.160
80.750
81.310
81.880
82.460
83.010
83.580
84.130
84.670
85.240
85.810
86.370
86.900
87.480
88.000
88.580
89.120
89.670
90.250
90.800
91.390
91.970
92.540
93.100
93.650
94.230
94.800
95.370
95.940
96.520
97.080
97.650
98.230
98.830
99.400
99.980
100.550
101.120
101.710
102.280
102.860
103.420
104.000
104.570
105.140
105.720
106.300
106.850
107.430
107.990
108.560
109.120
109.690
110.250
110.830
111.400
111.970
112.540
113.120
113.690
114.270
114.840
115.410
115.960
116.550
117.120
117.680
118.260
118.820
119.420
119.980
120.540
121.130
121.680
122.260
122.820
123.410
124.000
124.560
125.140
125.710
126.300
126.860
127.410
127.990
128.550
129.120
129.660
130.250
130.820
131.360
131.940
132.530
133.080
133.640
134.230
134.820
135.410
135.960
136.500
137.090
137.630
138.190
138.750
139.330
139.890
140.430
141.010
141.570
142.110
142.660
143.220
143.780
144.340
144.900
145.440
146.020
146.570
147.110
147.660
148.210
148.760
149.320
149.870
150.420
150.950
151.520
152.080
152.680
153.320
153.990
154.600
155.270
155.880
156.520
