0.430
0.950
1.470
1.960
2.480
2.970
3.480
3.980
4.500
5.000
5.500
6.000
6.520
7.000
7.480
7.940
8.420
8.940
9.440
9.930
10.440
10.960
11.480
11.990
12.470
12.990
13.490
14.010
14.510
15.020
15.530
16.040
16.520
17.050
17.560
18.040
18.570
19.070
19.580
20.090
20.610
21.130
21.620
22.130
22.610
23.130
23.650
24.160
24.650
25.170
25.690
26.200
26.690
27.210
27.730
28.240
28.730
29.250
29.770
30.290
30.780
31.310
31.820
32.330
32.830
33.340
33.860
34.370
34.860
35.380
35.910
36.430
36.930
37.460
37.960
38.460
39.000
39.490
40.000
40.510
41.010
41.540
42.060
42.540
43.080
43.580
44.100
44.610
45.090
45.620
46.140
46.620
47.150
47.660
48.170
48.680
49.220
49.740
50.240
50.750
51.260
51.760
52.280
52.800
53.290
53.800
54.320
54.840
55.340
55.860
56.390
56.900
57.400
57.930
58.440
58.960
59.480
60.000
60.530
61.040
61.560
62.090
62.610
63.130
63.630
64.160
64.680
65.200
65.720
66.260
66.770
67.260
67.790
68.300
68.810
69.310
69.820
70.350
70.850
71.340
71.880
72.390
72.890
73.400
73.890
74.430
74.960
75.460
76.000
76.500
77.020
77.520
78.060
78.570
79.070
79.600
80.100
80.610
81.130
81.640
82.140
82.660
83.170
83.680
84.190
84.710
85.230
85.730
86.250
86.780
87.290
87.810
88.310
88.830
89.330
89.840
90.340
90.860
91.370
91.890
92.390
92.930
93.450
93.950
94.470
95.010
95.510
96.010
96.530
97.040
97.550
98.070
98.560
99.080
99.600
100.100
100.620
101.140
101.640
102.150
102.640
103.180
103.680
104.170
104.710
105.220
105.720
106.210
106.750
107.250
107.730
108.250
108.730
109.240
109.750
110.240
110.740
111.260
111.730
112.250
112.760
113.250
113.740
114.230
114.770
115.270
115.750
116.260
116.780
117.260
117.790
118.300
118.800
119.260
119.740
120.230
120.720
121.180
121.680
122.130
122.600
123.090
123.560
124.040
124.500
124.990
125.480
125.940
126.440
126.920
127.380
127.860
128.340
128.820
129.300
