0.000
0.480
0.950
1.390
1.850
2.280
2.750
3.180
3.630
4.090
4.530
5.000
5.440
5.900
6.350
6.780
7.230
7.680
8.150
8.600
9.040
9.480
9.940
10.400
10.840
11.300
11.750
12.220
12.660
13.120
13.560
14.010
14.480
14.950
15.390
15.870
16.310
16.790
17.230
17.670
18.140
18.600
19.040
19.510
19.960
20.410
20.860
21.330
21.760
22.230
22.670
23.120
23.560
24.010
24.460
24.910
25.360
25.820
26.270
26.730
27.170
27.610
28.070
28.520
28.970
29.440
29.890
30.350
30.800
31.260
31.710
32.160
32.620
33.080
33.520
33.980
34.400
34.860
35.300
35.750
36.190
36.650
37.100
37.550
37.990
38.450
38.900
39.340
39.790
40.260
40.690
41.140
41.600
42.070
42.520
42.980
43.420
43.880
44.320
44.780
45.230
45.680
46.130
46.600
47.030
47.480
47.940
48.390
48.840
49.300
49.740
50.200
50.640
51.080
51.540
51.990
52.440
52.890
53.330
53.780
54.240
54.690
55.150
55.620
56.060
56.500
56.950
57.410
57.860
58.330
58.770
59.230
59.670
60.120
60.580
61.030
61.480
61.930
62.400
62.860
63.310
63.770
64.200
64.660
65.100
65.580
66.010
66.480
66.920
67.360
67.830
68.290
68.730
69.200
69.650
70.110
70.550
70.990
71.450
71.900
72.360
72.820
73.270
73.720
74.180
74.640
75.090
75.540
75.990
76.460
76.900
77.370
77.820
78.280
78.720
79.180
79.630
80.070
80.540
81.000
81.450
81.930
82.380
82.830
83.280
83.720
84.190
84.640
85.080
85.540
85.980
86.430
86.870
87.340
87.770
88.240
88.670
89.120
89.590
90.020
90.480
90.940
91.390
91.840
92.290
92.740
93.170
93.610
94.070
94.530
94.970
95.390
95.840
96.290
96.740
97.170
97.630
98.070
98.530
98.970
99.420
99.870
100.340
100.790
101.240
101.690
102.150
102.600
103.040
103.480
103.950
104.380
104.840
105.280
105.760
106.220
106.650
107.110
107.550
108.020
108.450
108.910
109.380
109.830
110.280
110.730
111.180
111.620
112.060
112.510
112.970
113.400
113.870
114.330
114.820
115.280
115.770
116.240
116.740
117.200
117.700
118.160
118.660
119.140
119.600
120.100
120.580
121.040
121.540
