0.420
1.220
1.940
2.720
3.480
4.250
4.990
5.760
6.500
7.290
8.020
8.750
9.520
10.270
10.980
11.730
12.500
13.250
13.960
14.720
15.470
16.230
16.960
17.700
18.450
19.200
19.930
20.670
21.390
22.160
22.870
23.620
24.320
25.040
25.770
26.500
27.180
27.900
28.620
29.340
30.050
30.770
31.500
32.200
32.910
33.640
34.330
35.050
35.760
36.490
37.210
38.020
38.790
39.550
40.320
41.070
41.820
42.570
43.290
44.050
44.780
45.540
46.280
47.020
47.780
48.530
49.270
50.020
50.740
51.480
52.190
52.960
53.700
54.440
55.160
55.920
56.640
57.410
58.120
58.870
59.590
60.340
61.060
61.800
62.540
63.230
63.970
64.670
65.370
66.100
66.810
67.530
68.240
68.930
69.650
70.350
71.050
71.750
72.450
73.170
73.900
74.620
75.360
76.160
76.910
77.680
78.430
79.170
79.890
80.640
81.380
82.130
82.860
83.610
84.360
85.100
85.850
86.590
87.280
88.040
88.780
89.540
90.260
91.010
91.740
92.490
93.210
93.950
94.650
95.410
96.120
96.870
97.590
98.330
99.070
99.790
100.500
101.230
101.950
102.650
103.340
104.080
104.770
105.510
106.210
106.920
107.650
108.340
109.030
109.740
110.430
111.140
111.880
112.590
113.350
114.100
114.830
115.570
116.310
117.060
117.840
118.620
119.420
120.220
120.960
