0.370
0.760
1.110
1.480
1.840
2.200
2.550
2.910
3.270
3.640
4.000
4.370
4.730
5.090
5.450
5.810
6.170
6.530
6.900
7.260
7.610
7.980
8.350
8.700
9.050
9.410
9.790
10.140
10.490
10.860
11.230
11.570
11.950
12.290
12.670
13.020
13.370
13.750
14.100
14.470
14.810
15.190
15.560
15.910
16.270
16.640
17.010
17.370
17.730
18.110
18.460
18.830
19.200
19.560
19.920
20.300
20.650
21.030
21.400
21.750
22.100
22.490
22.860
23.210
23.580
23.960
24.340
24.680
25.040
25.420
25.780
26.140
26.520
26.870
27.260
27.620
27.990
28.350
28.730
29.080
29.460
29.800
30.180
30.530
30.900
31.260
31.640
31.990
32.370
32.730
33.110
33.460
33.820
34.180
34.560
34.910
35.280
35.620
36.000
36.340
36.720
37.070
37.440
37.800
38.150
38.520
38.900
39.250
39.630
39.970
40.340
40.690
41.050
41.430
41.810
42.170
42.530
42.900
43.270
43.620
43.970
44.340
44.730
45.070
45.450
45.800
46.170
46.520
46.880
47.260
47.630
47.990
48.370
48.740
49.120
49.460
49.830
50.190
50.560
50.920
51.280
51.650
52.030
52.380
52.760
53.120
53.480
53.850
54.220
54.580
54.960
55.310
55.680
56.050
56.440
56.780
57.140
57.510
57.900
58.250
58.630
59.010
59.410
59.780
60.150
60.550
60.920
61.290
61.650
62.020
62.400
62.770
63.140
63.520
63.900
64.280
64.640
65.010
65.370
65.750
66.120
66.500
66.850
67.230
67.570
67.950
68.300
68.670
69.050
69.420
69.770
70.150
70.520
70.910
71.290
71.650
72.010
72.380
72.770
73.130
73.490
73.870
74.250
74.600
74.950
75.330
75.710
76.060
76.430
76.810
77.180
77.530
77.880
78.250
78.640
78.990
79.350
79.730
80.090
80.460
80.820
81.200
81.570
81.930
82.290
82.650
83.020
83.370
83.750
84.100
84.490
84.830
85.200
85.570
85.930
86.300
86.680
87.030
87.410
87.750
88.120
88.480
88.860
89.210
89.580
89.950
90.320
90.670
91.030
91.390
91.770
92.110
92.470
92.840
93.210
93.550
93.930
94.300
94.680
95.030
95.400
95.770
96.160
96.500
96.880
97.230
97.610
97.960
98.350
98.700
99.080
99.440
99.820
100.190
100.580
100.960
101.330
101.710
102.090
102.460
102.860
103.230
103.600
103.980
104.360
104.760
105.120
105.520
105.880
106.280
106.630
106.990
107.320
107.680
108.060
108.450
108.820
109.190
109.570
109.950
110.320
110.690
111.050
111.430
111.810
112.210
112.590
112.940
113.290
113.670
114.050
114.410
114.780
115.140
115.530
115.880
116.250
116.620
116.990
117.330
117.690
118.070
118.430
118.790
119.150
119.530
119.910
120.270
120.640
121.010
121.390
121.740
122.110
122.490
122.870
123.220
123.590
123.950
124.340
124.690
125.060
125.430
125.810
126.160
126.520
126.900
127.250
127.630
128.010
128.370
128.720
129.080
129.440
129.820
130.170
130.530
130.850
131.170
131.490
131.810
132.130
132.450
132.770
133.100
133.420
133.740
134.050
134.370
134.690
135.010
