0.440
1.110
1.740
2.380
3.020
3.730
4.390
4.980
5.630
6.220
6.790
7.270
7.760
8.230
8.750
9.220
9.700
10.200
10.680
11.160
11.640
12.120
12.630
13.100
13.590
14.080
14.560
15.040
15.520
16.010
16.480
16.960
17.410
17.900
18.370
18.860
19.320
19.800
20.280
20.760
21.210
21.710
22.190
22.660
23.150
23.630
24.090
24.570
25.040
25.510
25.980
26.470
26.920
27.400
27.870
28.340
28.810
29.280
29.750
30.210
30.670
31.140
31.620
32.080
32.550
33.020
33.500
33.980
34.440
34.890
35.350
35.830
36.280
36.730
37.210
37.680
38.160
38.640
39.120
39.580
40.060
40.540
41.010
41.470
41.960
42.440
42.930
43.390
43.880
44.350
44.840
45.290
45.760
46.230
46.700
47.190
47.640
48.120
48.600
49.050
49.520
49.980
50.450
50.920
51.390
51.860
52.320
52.800
53.270
53.740
54.180
54.640
55.100
55.580
56.030
56.490
56.940
57.410
57.860
58.340
58.800
59.280
59.750
60.250
60.730
61.200
61.670
62.140
62.610
63.080
63.570
64.030
64.510
64.970
65.460
65.920
66.390
66.860
67.340
67.820
68.300
68.790
69.270
69.740
70.230
70.690
71.150
71.580
72.030
72.490
72.950
73.410
73.870
74.340
74.810
75.270
75.730
76.200
76.680
77.140
77.610
78.080
78.550
79.030
79.510
79.980
80.430
80.910
81.360
81.830
82.310
82.780
83.240
83.710
84.180
84.640
85.100
85.570
86.020
86.500
86.970
87.440
87.920
88.370
88.850
89.330
89.790
90.230
90.690
91.170
91.630
92.120
92.570
93.040
93.510
93.990
94.450
94.920
95.400
95.870
96.340
96.820
97.290
97.760
98.210
98.710
99.180
99.660
100.130
100.600
101.090
101.540
102.020
102.490
102.960
103.440
103.920
104.420
104.900
105.370
105.840
106.300
106.760
107.190
107.640
108.100
108.570
109.030
109.500
109.960
110.440
110.890
111.370
111.840
112.300
112.770
113.250
113.720
114.190
114.670
115.150
115.630
116.080
116.550
117.040
117.510
117.990
118.450
118.920
119.400
119.880
120.330
120.800
121.270
121.760
122.210
122.690
123.170
123.640
124.110
124.560
125.050
125.520
125.990
126.460
126.930
127.430
127.890
128.380
128.870
129.380
129.840
130.350
130.830
131.320
131.780
132.260
132.760
133.240
133.700
134.200
134.680
135.150
135.620
136.080
136.560
137.040
137.510
137.970
138.440
138.920
139.400
139.900
140.360
140.840
141.300
141.790
142.250
142.750
143.220
143.690
144.190
144.650
145.150
145.610
146.110
146.590
147.070
147.550
148.030
148.490
148.970
149.450
