0.000
0.450
0.900
1.330
1.770
2.210
2.650
3.090
3.540
3.980
4.400
4.850
5.300
5.740
6.180
6.620
7.070
7.520
7.990
8.430
8.870
9.330
9.790
10.220
10.660
11.100
11.550
11.980
12.430
12.870
13.310
13.730
14.170
14.610
15.060
15.500
15.940
16.380
16.820
17.260
17.700
18.130
18.580
19.000
19.450
19.890
20.340
20.760
21.200
21.660
22.090
22.540
22.970
23.400
23.840
24.280
24.720
25.160
25.590
26.020
26.460
26.900
27.350
27.780
28.230
28.640
29.100
29.520
29.970
30.410
30.840
31.280
31.730
32.160
32.610
33.050
33.490
33.920
34.330
34.750
35.160
35.580
36.030
36.440
36.880
37.330
37.760
38.220
38.650
39.090
39.540
40.010
40.460
40.900
41.330
41.770
42.210
42.650
43.080
43.540
43.960
44.400
44.850
45.300
45.730
46.180
46.620
47.060
47.500
47.940
48.380
48.800
49.240
49.700
50.130
50.570
51.000
51.440
51.890
52.340
52.770
53.210
53.660
54.080
54.510
54.950
55.390
55.840
56.280
56.720
57.150
57.610
58.040
58.470
58.920
59.370
59.810
60.240
60.710
61.150
61.580
62.020
62.430
62.860
63.260
63.680
64.130
64.550
64.970
65.410
65.850
66.300
66.730
67.160
67.600
68.040
68.470
68.900
69.340
69.780
70.240
70.650
71.080
71.510
71.940
72.390
72.820
73.260
73.690
74.110
74.550
75.000
75.460
75.900
76.340
76.790
77.240
77.690
78.140
78.590
79.020
79.460
79.900
80.330
80.780
81.220
81.670
82.100
82.540
82.990
83.420
83.860
84.290
84.730
85.160
85.610
86.050
86.490
86.930
87.360
87.810
88.240
88.680
89.130
89.560
90.000
90.450
90.890
91.310
91.750
92.200
92.640
93.060
93.510
93.950
94.390
94.820
95.260
95.690
96.140
96.570
97.010
97.450
97.900
98.330
98.770
99.240
99.680
100.130
100.560
100.960
101.390
101.800
102.220
102.660
103.080
103.510
103.950
104.390
104.830
105.270
105.700
106.150
106.590
107.010
107.460
107.890
108.330
108.790
109.230
109.690
110.150
110.590
111.050
111.480
111.920
112.370
112.820
113.300
113.760
114.210
114.670
115.110
115.560
115.990
116.430
116.890
117.330
117.770
118.210
118.630
119.070
119.500
119.950
120.380
120.820
121.250
121.690
122.150
122.560
123.000
123.400
123.840
124.260
124.690
125.120
125.560
125.990
126.430
126.870
127.320
127.740
128.180
128.620
129.040
129.460
129.900
130.320
130.760
131.190
131.630
132.070
132.500
132.930
133.370
133.810
134.250
134.680
135.110
135.560
136.000
136.430
136.880
137.330
137.770
138.210
138.640
139.080
139.520
139.940
140.350
140.770
141.220
141.660
142.090
142.540
143.010
143.450
143.930
144.430
144.890
145.390
145.850
146.330
146.810
147.290
147.770
148.250
148.730
149.210
149.690
150.170
