0.470
0.940
1.420
1.880
2.350
2.820
3.310
3.780
4.230
4.700
5.170
5.660
6.120
6.590
7.060
7.540
7.990
8.480
8.940
9.420
9.870
10.340
10.810
11.270
11.720
12.180
12.650
13.110
13.560
14.020
14.480
14.950
15.420
15.890
16.340
16.820
17.300
17.760
18.230
18.700
19.170
19.650
20.120
20.560
21.050
21.510
21.980
22.460
22.930
23.390
23.870
24.320
24.800
25.270
25.730
26.220
26.690
27.160
27.620
28.100
28.560
29.040
29.500
29.960
30.440
30.920
31.370
31.840
32.330
32.800
33.270
33.740
34.210
34.690
35.160
35.630
36.090
36.560
37.030
37.500
37.980
38.450
38.910
39.400
39.870
40.350
40.820
41.280
41.760
42.250
42.720
43.210
43.660
44.130
44.600
45.070
45.550
46.020
46.490
46.960
47.430
47.910
48.370
48.860
49.320
49.800
50.260
50.740
51.200
51.660
52.130
52.610
53.080
53.550
54.030
54.480
54.970
55.440
55.900
56.360
56.850
57.310
57.790
58.250
58.710
59.190
59.660
60.120
60.600
61.070
61.540
62.020
62.490
62.960
63.430
63.920
64.390
64.860
65.320
65.790
66.280
66.750
67.210
67.670
68.160
68.650
69.120
69.580
70.060
70.530
71.000
71.480
71.960
72.440
72.900
73.360
73.850
74.320
74.790
75.270
75.760
76.240
76.710
77.170
77.670
78.150
78.610
79.090
79.570
80.040
80.510
80.980
81.460
81.940
82.400
82.870
83.360
83.830
84.300
84.800
85.260
85.730
86.190
86.690
87.170
87.650
88.120
88.610
89.070
89.550
90.010
90.490
90.960
91.440
91.910
92.400
92.870
93.330
93.800
94.270
94.760
95.240
95.710
96.190
96.660
97.150
97.620
98.110
98.590
99.070
99.550
100.040
100.520
100.990
101.470
101.940
102.430
102.920
103.390
103.880
104.350
104.820
105.280
105.780
106.260
106.730
107.200
107.660
108.150
108.620
109.070
109.570
110.040
110.530
111.000
111.470
111.960
112.430
112.900
113.370
113.840
114.340
114.800
115.290
115.760
116.240
116.720
117.180
117.680
118.160
118.620
119.100
119.590
120.070
120.540
121.040
121.500
121.980
122.460
122.960
123.430
123.910
124.380
124.840
125.340
125.820
126.280
126.780
127.250
127.740
128.210
128.680
129.180
129.660
130.120
130.600
131.110
131.600
132.060
132.540
133.030
133.520
133.980
134.480
134.960
135.440
135.900
136.390
136.900
137.380
137.850
138.320
138.820
139.290
139.760
140.240
140.730
141.210
141.680
142.170
142.650
143.130
143.610
144.080
144.570
145.060
145.520
146.010
146.480
146.960
147.430
147.920
148.390
148.870
149.350
149.830
150.290
150.770
151.250
151.730
152.200
152.680
153.140
153.630
154.090
154.570
155.050
155.530
156.000
156.480
156.950
157.450
157.920
158.400
158.870
159.350
159.840
160.330
160.810
161.270
161.760
162.240
162.710
163.190
163.680
164.160
164.640
165.110
165.610
166.090
166.560
167.050
167.520
167.990
168.480
168.960
169.420
169.880
170.350
170.840
171.310
171.800
172.280
172.760
173.220
173.710
174.180
174.660
175.160
175.620
176.100
176.580
177.060
