0.370
0.850
1.340
1.810
2.330
2.810
3.290
3.760
4.240
4.720
5.210
5.700
6.180
6.670
7.150
7.610
8.110
8.580
9.070
9.540
10.030
10.530
11.000
11.490
11.980
12.460
12.970
13.450
13.930
14.410
14.890
15.360
15.860
16.320
16.800
17.290
17.750
18.190
18.660
19.140
19.610
20.070
20.530
21.020
21.460
21.920
22.400
22.870
23.360
23.860
24.340
24.820
25.300
25.790
26.290
26.760
27.240
27.720
28.210
28.690
29.180
29.650
30.130
30.600
31.080
31.570
32.050
32.530
33.020
33.520
34.000
34.460
34.960
35.430
35.910
36.400
36.890
37.380
37.860
38.330
38.810
39.290
39.770
40.270
40.740
41.230
41.730
42.190
42.680
43.150
43.640
44.110
44.590
45.090
45.570
46.030
46.520
47.000
47.470
47.940
48.390
48.860
49.320
49.810
50.260
50.730
51.200
51.690
52.150
52.610
53.100
53.560
54.030
54.490
54.990
55.460
55.940
56.420
56.910
57.400
57.880
58.360
58.860
59.340
59.820
60.310
60.810
61.280
61.760
62.260
62.740
63.210
63.680
64.160
64.640
65.120
65.590
66.070
66.550
67.050
67.510
68.000
68.480
68.950
69.440
69.920
70.400
70.880
71.360
71.840
72.330
72.790
73.280
73.750
74.230
74.700
75.180
75.660
76.120
76.610
77.080
77.560
78.050
78.510
78.990
79.460
79.950
80.420
80.910
81.370
81.850
82.330
82.810
83.290
83.750
84.230
84.710
85.190
85.660
86.150
86.620
87.100
87.590
88.070
88.550
89.040
89.510
89.990
90.480
90.950
91.420
91.900
92.390
92.870
93.350
93.840
94.310
94.820
95.290
95.790
96.280
96.750
97.260
97.730
98.200
98.690
99.180
99.650
100.150
100.620
101.110
101.600
102.070
102.570
103.040
103.520
104.020
104.490
104.990
105.470
105.970
106.460
106.950
107.410
107.900
108.380
108.860
109.330
109.800
110.250
110.720
111.210
111.670
112.130
112.610
113.080
113.540
114.010
114.500
114.970
115.420
115.900
116.400
116.880
117.360
117.840
118.350
118.820
119.310
119.790
120.280
120.760
121.240
121.740
122.240
122.700
123.190
123.660
124.150
124.600
125.080
125.550
126.020
126.500
126.970
127.420
127.900
128.380
128.820
129.280
129.760
130.200
130.690
131.160
131.640
132.140
132.620
133.100
133.570
134.040
134.540
135.020
135.500
135.980
136.460
136.940
137.400
