0.210
0.660
1.080
1.520
1.950
2.390
2.810
3.280
3.730
4.180
4.610
5.090
5.540
6.000
6.470
6.910
7.370
7.740
8.080
8.440
8.770
9.130
9.480
9.830
10.170
10.480
10.830
11.160
11.470
11.810
12.140
12.470
12.790
13.120
13.450
13.780
14.110
14.430
14.760
15.080
15.410
15.730
16.060
16.400
16.730
17.060
17.400
17.740
18.080
18.400
18.730
19.060
19.390
19.720
20.050
20.380
20.720
21.040
21.380
21.720
22.050
22.380
22.710
23.050
23.390
23.710
24.040
24.370
24.700
25.030
25.360
25.690
26.010
26.340
26.670
27.000
27.340
27.670
27.990
28.330
28.650
28.990
29.310
29.650
29.980
30.310
30.640
30.970
31.290
31.620
31.950
32.280
32.620
32.950
33.280
33.620
33.960
34.280
34.620
34.960
35.300
35.620
35.960
36.300
36.640
36.970
37.320
37.650
38.000
38.330
38.660
39.010
39.330
39.670
40.000
40.340
40.670
41.000
41.340
41.680
42.010
42.360
42.690
43.020
43.340
43.670
44.020
44.350
44.670
45.020
45.350
45.690
46.020
46.350
46.680
47.020
47.350
47.680
48.020
48.360
48.680
49.010
49.350
49.680
50.010
50.350
50.670
51.010
51.350
51.670
52.000
52.330
52.660
53.000
53.330
53.680
54.010
54.340
54.670
55.020
55.350
55.680
56.010
56.350
56.680
57.010
57.330
57.670
58.000
58.340
58.670
59.010
59.350
59.680
60.010
60.350
60.680
61.020
61.330
61.660
62.000
62.330
62.650
62.980
63.310
63.640
63.970
64.320
64.630
64.980
65.310
65.620
65.970
66.280
66.620
66.950
67.290
67.620
67.970
68.290
68.640
68.960
69.300
69.630
69.970
70.300
70.650
70.980
71.330
71.640
71.990
72.300
72.630
72.970
73.300
73.640
73.970
74.290
74.620
74.970
75.290
75.640
75.980
76.310
76.660
76.990
77.320
77.650
78.000
78.320
78.650
78.990
79.340
79.670
80.010
80.350
80.690
81.030
81.370
81.710
82.050
82.400
82.730
83.070
83.410
83.750
84.080
84.420
84.760
85.090
85.420
85.740
86.070
86.410
86.760
87.090
87.420
87.770
88.110
88.450
88.770
89.100
89.460
89.800
90.120
90.480
90.820
91.160
91.490
91.820
92.180
92.510
92.860
93.190
93.530
93.860
94.210
94.540
94.890
95.220
95.570
95.890
96.240
96.570
96.910
97.260
97.590
97.920
98.260
98.600
98.940
99.290
99.620
99.970
100.300
100.640
100.980
101.310
101.640
101.980
102.340
102.660
103.000
103.340
103.680
104.020
104.340
104.680
105.020
105.350
105.690
106.020
106.360
106.690
107.040
107.370
107.710
108.050
108.390
108.720
109.060
109.390
109.720
110.060
110.390
110.720
111.060
111.400
111.730
112.060
112.380
112.730
113.060
113.390
113.720
114.070
114.410
114.740
115.070
115.400
115.730
116.060
116.390
116.730
117.050
117.380
117.700
118.050
118.370
118.690
119.040
119.350
119.690
120.010
120.360
120.680
121.020
121.340
121.680
122.020
122.350
122.690
123.030
123.360
123.700
124.040
124.380
124.700
125.030
125.360
125.690
126.020
126.350
126.690
127.010
127.370
127.700
128.030
128.370
128.710
129.060
129.400
129.730
130.080
130.410
130.740
131.090
131.410
131.760
132.090
132.420
132.760
133.100
133.410
133.740
134.060
134.380
134.690
135.030
135.360
135.690
136.030
136.380
136.710
137.040
137.370
137.700
138.030
138.370
138.700
139.020
139.350
139.680
140.010
140.350
140.670
141.020
141.340
141.670
142.000
142.340
142.670
143.010
143.350
143.690
144.020
144.360
144.700
145.040
145.380
145.710
146.040
146.390
146.710
147.050
147.380
147.700
148.020
148.330
148.660
148.970
149.300
149.620
149.930
150.260
150.580
150.890
151.220
151.540
151.850
152.170
152.500
152.810
153.130
153.450
