0.420
1.160
1.860
2.490
3.090
3.670
4.280
4.880
5.450
6.070
6.650
7.220
7.830
8.420
8.990
9.590
10.190
10.770
11.370
11.960
12.520
13.130
13.720
14.280
14.870
15.480
16.040
16.660
17.240
17.810
18.430
19.020
19.580
20.200
20.790
21.380
22.000
22.580
23.150
23.760
24.350
24.930
25.540
26.110
26.690
27.320
27.920
28.490
29.100
29.680
30.250
30.860
31.440
32.010
32.620
33.190
33.770
34.380
34.970
35.540
36.150
36.730
37.300
37.930
38.530
39.100
39.710
40.300
40.870
41.480
42.070
42.630
43.250
43.830
44.400
45.010
45.590
46.170
46.780
47.370
47.940
48.570
49.150
49.730
50.350
50.930
51.520
52.150
52.720
53.290
53.900
54.490
55.050
55.660
56.250
56.830
57.440
58.050
58.620
59.230
59.830
60.400
61.020
61.600
62.170
62.800
63.400
63.970
64.600
65.200
65.780
66.390
67.000
67.570
68.200
68.800
69.360
69.950
70.570
71.160
71.770
72.350
72.920
73.520
74.110
74.700
75.320
75.910
76.490
77.100
77.690
78.260
78.860
79.490
80.100
80.720
81.310
81.900
82.520
83.110
83.680
84.290
84.870
85.450
86.070
86.670
87.250
87.870
88.470
89.040
89.670
90.270
90.850
91.470
92.060
92.650
93.270
93.870
94.440
95.080
95.670
96.270
96.910
97.520
98.100
98.690
99.310
99.920
100.530
101.150
101.750
102.350
102.960
103.540
104.180
104.790
105.390
105.990
106.600
107.230
107.820
108.400
108.970
109.580
110.190
110.790
111.400
112.010
112.610
113.240
113.840
114.420
115.050
115.660
116.270
116.890
117.500
118.080
118.710
119.300
119.890
120.530
121.190
121.830
122.480
123.110
123.750
124.390
125.030
125.700
126.310
126.980
