0.260
0.640
1.000
1.360
1.720
2.080
2.420
2.780
3.140
3.480
3.850
4.210
4.560
4.910
5.270
5.630
5.980
6.320
6.690
7.050
7.400
7.750
8.120
8.480
8.830
9.200
9.570
9.920
10.280
10.640
11.010
11.380
11.730
12.090
12.460
12.820
13.170
13.530
13.900
14.260
14.610
14.980
15.360
15.720
16.070
16.430
16.800
17.160
17.510
17.880
18.250
18.610
18.970
19.330
19.700
20.060
20.410
20.780
21.160
21.520
21.890
22.250
22.620
22.980
23.340
23.700
24.070
24.430
24.770
25.150
25.490
25.870
26.220
26.590
26.950
27.310
27.660
28.020
28.380
28.740
29.100
29.460
29.810
30.180
30.530
30.890
31.250
31.610
31.980
32.320
32.690
33.060
33.420
33.760
34.130
34.500
34.840
35.220
35.570
35.930
36.280
36.650
37.030
37.380
37.730
38.110
38.470
38.830
39.180
39.540
39.910
40.270
40.620
40.990
41.360
41.720
42.080
42.440
42.810
43.170
43.530
43.900
44.260
44.620
44.980
45.340
45.690
46.060
46.420
46.790
47.160
47.520
47.880
48.250
48.610
48.960
49.330
49.680
50.060
50.410
50.760
51.130
51.510
51.870
52.230
52.590
52.970
53.330
53.690
54.030
54.400
54.770
55.130
55.490
55.850
56.200
56.550
56.900
57.260
57.620
57.970
58.310
58.670
59.030
59.390
59.730
60.090
60.450
60.820
61.160
61.500
61.860
62.220
62.560
62.910
63.260
63.610
63.960
64.320
64.680
65.040
65.400
65.760
66.110
66.470
66.830
67.190
67.540
67.900
68.250
68.620
68.970
69.320
69.680
70.040
70.410
70.750
71.100
71.470
71.830
72.180
72.550
72.900
73.260
73.620
73.980
74.340
74.690
75.050
75.410
75.770
76.130
76.490
76.840
77.200
77.560
77.910
78.270
78.640
79.000
79.340
79.710
80.070
80.430
80.790
81.140
81.510
81.880
82.230
82.590
82.950
83.320
83.660
84.030
84.390
84.740
85.070
85.440
85.800
86.180
86.560
86.890
87.250
87.600
87.960
88.310
88.650
89.000
89.350
89.700
90.060
90.410
90.750
91.110
91.450
91.800
92.150
92.490
92.850
93.200
93.540
93.890
94.250
94.600
94.950
95.290
95.650
96.020
96.380
96.720
97.100
97.450
97.800
98.170
98.530
98.880
99.230
99.590
99.950
100.310
100.660
101.030
101.390
101.750
102.090
102.460
102.810
103.180
103.530
103.900
104.260
104.620
104.990
105.320
105.680
106.040
106.390
106.750
107.110
107.470
107.820
108.190
108.540
108.900
109.260
109.620
109.980
110.340
110.690
111.060
111.410
111.780
112.120
112.490
112.860
113.210
113.560
113.930
114.290
114.650
115.000
115.360
115.730
116.090
116.440
116.800
117.180
117.550
117.890
118.270
118.620
118.970
119.310
119.660
120.020
120.380
120.750
121.090
121.440
121.790
122.160
122.500
122.840
123.200
123.560
123.900
124.260
124.610
124.960
125.310
125.650
126.010
126.360
126.690
127.050
127.390
127.760
128.120
128.470
128.830
129.190
129.540
129.890
130.260
130.610
130.970
131.330
131.690
132.040
132.410
132.770
133.130
133.490
133.840
134.200
134.570
134.930
135.290
135.650
136.010
136.370
136.720
137.080
137.440
137.790
138.160
138.520
138.890
139.230
139.590
139.960
140.320
140.670
141.030
141.390
141.750
142.110
142.460
142.820
143.180
143.550
143.900
144.270
144.620
144.970
145.330
145.690
146.050
146.410
146.780
147.150
147.510
147.880
148.260
148.620
148.980
149.300
149.620
149.940
150.270
150.590
150.910
151.220
151.550
151.870
152.180
152.500
152.830
153.140
153.470
