0.450
0.920
1.380
1.820
2.250
2.700
3.140
3.600
4.050
4.510
4.960
5.400
5.820
6.280
6.700
7.150
7.580
8.030
8.460
8.910
9.340
9.800
10.230
10.660
11.070
11.510
11.960
12.420
12.860
13.300
13.760
14.200
14.640
15.090
15.550
15.990
16.430
16.880
17.340
17.790
18.250
18.700
19.150
19.580
20.030
20.480
20.920
21.380
21.820
22.250
22.720
23.160
23.610
24.050
24.480
24.910
25.350
25.800
26.260
26.700
27.160
27.600
28.050
28.490
28.940
29.410
29.860
30.300
30.750
31.190
31.660
32.110
32.560
33.010
33.450
33.910
34.390
34.830
35.310
35.750
36.210
36.630
37.080
37.530
37.980
38.410
38.860
39.320
39.780
40.220
40.670
41.120
41.580
42.010
42.460
42.910
43.360
43.790
44.250
44.690
45.150
45.610
46.060
46.520
46.980
47.430
47.880
48.340
48.770
49.220
49.660
50.090
50.550
51.000
51.450
51.910
52.360
52.810
53.250
53.690
54.120
54.580
55.040
55.500
55.950
56.390
56.860
57.300
57.750
58.220
58.670
59.120
59.570
60.030
60.480
60.920
61.370
61.830
62.270
62.730
63.190
63.640
64.090
64.530
64.970
65.430
65.860
66.330
66.750
67.200
67.650
68.070
68.530
68.970
69.430
69.870
70.340
70.780
71.240
71.680
72.130
72.580
73.030
73.480
73.920
74.380
74.850
75.300
75.760
76.200
76.670
77.110
77.570
78.010
78.470
78.920
79.390
79.820
80.280
80.720
81.180
81.620
82.100
82.540
83.000
83.440
83.890
84.350
84.800
85.240
85.720
86.170
86.630
87.080
87.520
87.970
88.440
88.890
89.360
89.800
90.270
90.700
91.170
91.610
92.050
92.500
92.960
93.400
93.870
94.310
94.750
95.200
95.620
96.060
96.520
96.980
97.410
97.880
98.320
98.770
99.220
99.660
100.130
100.570
101.010
101.480
101.940
102.400
102.860
103.300
103.760
104.230
104.690
105.160
105.600
106.070
106.520
106.980
107.440
107.920
108.380
108.840
109.300
109.760
110.220
110.680
