0.450
0.920
1.370
1.840
2.330
2.780
3.250
3.720
4.210
4.680
5.150
5.600
6.070
6.550
7.020
7.480
7.920
8.400
8.860
9.330
9.790
10.270
10.740
11.220
11.670
12.160
12.630
13.080
13.550
14.010
14.490
14.960
15.410
15.890
16.330
16.820
17.270
17.760
18.230
18.700
19.150
19.640
20.090
20.560
21.020
21.500
21.980
22.450
22.920
23.370
23.840
24.310
24.780
25.260
25.740
26.210
26.670
27.130
27.620
28.090
28.540
29.030
29.500
29.960
30.440
30.910
31.380
31.850
32.330
32.820
33.280
33.750
34.200
34.650
35.120
35.590
36.090
36.570
37.020
37.500
37.970
38.470
38.940
39.410
39.870
40.350
40.820
41.280
41.740
42.230
42.680
43.170
43.620
44.110
44.570
45.050
45.510
45.990
46.440
46.930
47.380
47.870
48.340
48.830
49.310
49.830
50.300
50.800
51.290
51.760
52.250
52.710
53.180
53.650
54.140
54.610
55.090
55.580
56.050
56.520
56.980
57.470
57.960
58.440
58.900
59.380
59.870
60.350
60.840
61.310
61.760
62.240
62.710
63.190
63.680
64.170
64.640
65.110
65.610
66.090
66.570
67.050
67.520
68.000
68.480
68.990
69.450
69.940
70.410
70.880
71.360
71.810
72.280
72.780
73.260
73.720
74.200
74.700
75.170
75.650
76.120
76.610
77.090
77.570
78.040
78.530
79.000
79.480
79.970
80.490
80.970
81.470
81.940
82.440
82.910
83.400
83.880
84.350
84.800
85.290
85.750
86.250
86.710
87.190
87.650
88.140
88.620
89.100
89.570
90.050
90.540
91.020
91.480
91.960
92.420
92.890
93.370
93.860
94.350
94.820
95.290
95.780
96.250
96.730
97.190
97.680
98.160
98.620
99.110
99.600
100.080
100.560
101.020
101.520
102.000
102.460
102.900
103.370
103.860
104.330
104.800
105.260
105.760
106.230
106.710
107.200
107.660
108.150
108.630
109.090
109.550
110.020
110.520
111.050
111.540
112.020
112.490
112.970
113.450
113.940
114.410
114.880
115.330
115.800
116.290
116.750
117.250
117.730
118.190
118.680
119.160
119.630
120.090
120.580
121.030
121.520
121.990
122.480
122.950
123.420
123.900
124.380
124.880
125.360
125.820
126.300
126.790
127.260
127.730
128.200
128.690
129.160
129.640
130.130
130.620
131.080
131.550
131.990
132.460
132.950
133.420
133.870
134.360
134.810
135.280
135.760
136.240
136.700
137.180
137.660
138.130
138.610
139.060
139.550
140.030
140.500
140.990
141.520
142.000
142.510
143.000
143.490
143.970
144.440
144.910
145.400
145.870
146.360
146.820
147.300
147.770
148.260
148.720
149.230
149.700
150.190
150.670
151.170
151.650
152.120
152.610
153.090
153.550
154.030
154.510
154.990
155.470
155.950
156.430
156.930
