0.210
0.640
1.100
1.530
1.970
2.400
2.850
3.300
3.740
4.160
4.610
5.050
5.490
5.910
6.340
6.790
7.220
7.660
8.090
8.550
9.010
9.430
9.880
10.330
10.790
11.230
11.670
12.140
12.580
13.040
13.500
13.960
14.400
14.860
15.320
15.760
16.220
16.680
17.140
17.580
18.020
18.480
18.930
19.400
19.840
20.300
20.760
21.210
21.660
22.110
22.560
23.010
23.470
23.920
24.370
24.820
25.270
25.730
26.180
26.640
27.100
27.550
28.010
28.470
28.920
29.370
29.810
30.270
30.720
31.180
31.630
32.090
32.530
32.980
33.430
33.890
34.340
34.800
35.260
35.720
36.160
36.620
37.070
37.530
37.980
38.440
38.910
39.350
39.790
40.250
40.700
41.160
41.610
42.070
42.510
42.980
43.430
43.870
44.320
44.790
45.240
45.700
46.160
46.620
47.070
47.520
47.970
48.430
48.890
49.350
49.810
50.280
50.730
51.160
51.590
52.040
52.500
52.940
53.380
53.840
54.290
54.750
55.190
55.650
56.110
56.570
57.020
57.480
57.920
58.370
58.830
59.290
59.740
60.200
60.650
61.110
61.570
62.040
62.480
62.950
63.420
63.860
64.320
64.780
65.240
65.710
66.160
66.620
67.080
67.520
67.980
68.440
68.890
69.340
69.800
70.270
70.720
71.180
71.640
72.110
72.560
73.020
73.500
73.960
74.400
74.870
75.310
75.770
76.220
76.690
77.140
77.610
78.060
78.530
78.980
79.440
79.890
80.350
80.780
81.250
81.700
82.160
82.610
83.070
83.520
83.980
84.440
84.900
85.360
85.820
86.270
86.730
87.180
87.640
88.090
88.540
89.000
89.460
89.900
90.360
90.820
91.280
91.740
92.210
92.660
93.110
93.570
94.030
94.500
94.980
95.420
95.890
96.340
96.810
97.250
97.720
98.160
98.640
99.090
99.560
100.010
100.470
100.930
101.400
101.840
102.320
102.780
103.240
103.690
104.160
104.620
105.070
105.530
106.000
106.440
106.910
107.370
107.830
108.290
108.760
109.200
109.680
110.120
110.570
111.040
111.500
111.950
112.420
112.870
113.340
113.800
114.260
114.720
115.170
115.620
116.070
116.520
116.970
117.410
117.870
118.330
118.790
119.260
119.720
120.160
120.630
121.090
121.540
122.010
122.470
122.930
123.390
123.850
124.300
124.750
125.200
125.650
126.120
126.590
127.040
127.500
127.960
128.420
128.870
129.340
129.790
130.250
130.700
131.140
131.600
132.080
132.520
132.980
133.450
133.900
134.360
134.830
135.290
135.740
136.210
136.670
137.130
137.590
138.030
138.480
138.920
139.350
139.810
140.250
140.730
141.180
141.640
142.090
142.560
143.010
143.480
143.930
144.390
144.840
145.310
145.770
146.220
146.680
147.140
147.600
148.060
148.520
148.980
149.440
149.920
150.370
150.830
151.300
151.760
152.220
152.680
153.140
