0.000
0.450
0.890
1.350
1.790
2.240
2.670
3.130
3.560
3.990
4.450
4.880
5.310
5.750
6.200
6.640
7.050
7.480
7.910
8.350
8.770
9.200
9.640
10.080
10.490
10.930
11.360
11.800
12.230
12.680
13.100
13.560
13.980
14.420
14.860
15.300
15.720
16.160
16.580
17.020
17.450
17.890
18.320
18.750
19.190
19.630
20.050
20.490
20.920
21.350
21.790
22.220
22.650
23.080
23.520
23.950
24.370
24.800
25.230
25.680
26.090
26.540
26.960
27.400
27.820
28.250
28.660
29.100
29.530
29.970
30.380
30.820
31.240
31.680
32.100
32.540
32.970
33.410
33.830
34.270
34.680
35.130
35.570
36.000
36.430
36.860
37.280
37.720
38.150
38.580
39.000
39.440
39.880
40.310
40.730
41.180
41.600
42.040
42.470
42.910
43.330
43.770
44.200
44.630
45.060
45.500
45.930
46.360
46.770
47.200
47.630
48.060
48.490
48.920
49.340
49.780
50.190
50.630
51.050
51.490
51.920
52.340
52.780
53.210
53.630
54.080
54.490
54.940
55.360
55.790
56.210
56.650
57.060
57.490
57.920
58.350
58.770
59.210
59.620
60.050
60.480
60.910
61.340
61.760
62.190
62.620
63.060
63.480
63.940
64.370
64.810
65.250
65.680
66.130
66.600
67.040
67.500
67.920
68.360
68.810
69.220
69.650
70.080
70.510
70.950
71.400
71.820
72.250
72.680
73.110
73.540
73.990
74.420
74.860
75.300
75.730
76.170
76.570
76.990
77.420
77.860
78.290
78.710
79.160
79.570
80.020
80.440
80.880
81.290
81.750
82.190
82.620
83.050
83.490
83.920
84.360
84.790
85.220
85.650
86.080
86.500
86.950
87.380
87.820
88.250
88.680
89.120
89.530
89.980
90.400
90.820
91.260
91.680
92.130
92.540
92.990
93.400
93.830
94.260
94.710
95.120
95.570
96.000
96.430
96.850
97.270
97.680
98.120
98.560
98.980
99.400
99.830
100.260
100.690
101.120
101.550
101.980
102.430
102.860
103.300
103.730
104.170
104.610
105.040
105.480
105.910
106.340
106.770
107.210
107.660
108.130
108.570
109.020
109.460
109.900
110.340
110.770
111.180
111.610
112.040
112.490
112.920
113.340
113.790
114.210
114.650
115.080
115.520
115.950
116.390
116.820
117.250
117.680
118.100
118.520
118.950
119.380
119.830
120.250
120.690
121.130
121.570
121.990
122.440
122.870
123.330
123.740
124.200
124.620
125.070
125.500
125.950
126.380
126.830
127.250
127.690
128.120
128.580
129.000
129.460
129.890
130.330
130.760
131.190
131.620
132.060
132.490
132.930
133.340
133.790
134.200
134.640
135.060
135.500
135.930
136.370
136.780
137.230
137.650
138.090
138.500
138.940
139.360
139.790
140.220
140.670
141.080
141.500
141.940
142.370
142.780
143.220
143.640
144.080
144.510
144.930
145.370
145.810
146.210
146.640
147.070
147.500
147.930
148.370
148.800
149.240
149.650
150.090
150.530
150.970
151.400
151.850
152.290
152.720
153.160
153.630
154.070
154.530
154.980
155.400
155.860
156.300
156.740
157.160
157.600
158.040
158.480
158.920
159.370
159.840
160.300
160.750
161.210
161.680
162.150
162.640
163.110
163.580
164.050
164.520
164.970
