0.160
0.650
1.130
1.600
2.070
2.550
3.030
3.490
3.960
4.430
4.930
5.400
5.880
6.350
6.850
7.330
7.800
8.280
8.760
9.250
9.720
10.200
10.680
11.160
11.630
12.110
12.610
13.090
13.570
14.070
14.540
15.030
15.480
15.950
16.450
16.940
17.420
17.900
18.380
18.870
19.350
19.840
20.330
20.830
21.320
21.800
22.290
22.770
23.270
23.750
24.230
24.720
25.200
25.680
26.170
26.660
27.130
27.620
28.110
28.600
29.090
29.580
30.060
30.550
31.040
31.530
32.020
32.510
32.990
33.480
33.970
34.470
34.960
35.460
35.940
36.440
36.920
37.410
37.900
38.390
38.880
39.380
39.870
40.360
40.840
41.330
41.830
42.330
42.820
43.320
43.810
44.300
44.790
45.260
45.760
46.250
46.750
47.240
47.750
48.230
48.720
49.220
49.700
50.200
50.700
51.180
51.670
52.170
52.670
53.160
53.650
54.140
54.620
55.120
55.620
56.110
56.610
57.100
57.600
58.090
58.570
59.040
59.560
60.070
60.540
61.050
61.550
62.010
62.510
62.980
63.480
63.980
64.470
64.960
65.450
65.930
66.420
66.900
67.390
67.890
68.380
68.860
69.360
69.840
70.330
70.810
71.290
71.810
72.280
72.780
73.270
73.750
74.250
74.740
75.250
75.730
76.210
76.720
77.210
77.690
78.200
78.690
79.160
79.660
80.150
80.630
81.120
81.620
82.110
82.590
83.090
83.590
84.080
84.560
85.060
85.560
86.050
86.550
87.040
87.540
88.030
88.520
89.010
89.510
90.000
90.490
90.990
91.490
91.980
92.480
92.970
93.460
93.970
94.450
94.930
95.450
95.940
96.430
96.940
97.420
97.930
98.440
98.930
99.440
99.920
100.420
100.920
101.400
101.920
102.420
102.910
103.410
103.890
104.380
104.870
105.370
105.880
106.370
106.860
107.360
107.860
108.360
108.860
109.350
109.840
110.340
110.840
111.350
111.840
112.320
112.840
113.340
113.830
114.330
114.830
115.330
115.830
116.330
116.820
117.320
117.810
118.310
118.810
119.320
119.810
120.310
120.790
121.320
121.790
122.280
122.780
123.270
123.770
124.270
124.780
125.280
125.750
126.260
126.750
127.240
127.730
128.210
128.670
129.170
129.650
130.110
130.590
131.090
131.550
132.030
132.510
133.010
133.470
133.950
134.450
