0.810
1.510
2.280
2.990
3.730
4.450
5.170
5.890
6.590
7.310
8.020
8.740
9.450
10.160
10.890
11.620
12.330
13.060
13.790
14.520
15.230
15.950
16.660
17.390
18.100
18.830
19.560
20.280
21.010
21.770
22.500
23.220
23.940
24.680
25.400
26.110
26.850
27.570
28.290
29.000
29.730
30.450
31.180
31.890
32.600
33.340
34.050
34.770
35.490
36.210
36.940
37.660
38.390
39.130
39.860
40.600
41.320
42.040
42.780
43.500
44.230
44.910
45.340
45.700
46.060
46.430
46.790
47.150
47.510
47.870
48.240
48.600
48.960
49.320
49.680
50.030
50.420
50.770
51.150
51.510
51.890
52.250
52.620
52.980
53.340
53.700
54.080
54.430
54.810
55.180
55.540
55.910
56.290
56.640
57.030
57.380
57.760
58.120
58.470
58.840
59.200
59.570
59.960
60.310
60.670
61.030
61.410
61.760
62.130
62.500
62.880
63.230
63.620
63.970
64.350
64.710
65.080
65.450
65.820
66.180
66.550
66.900
67.280
67.640
68.000
68.360
68.740
69.090
69.470
69.830
70.200
70.550
70.930
71.280
71.650
72.010
72.400
72.750
73.130
73.490
73.860
74.220
74.590
74.950
75.330
75.690
76.060
76.420
76.800
77.150
77.510
77.880
78.250
78.600
78.990
79.340
79.720
80.100
80.450
80.820
81.200
81.560
81.940
82.300
82.670
83.040
83.420
83.770
84.140
84.500
84.860
85.220
85.590
85.960
86.340
86.690
87.070
87.440
87.800
88.170
88.530
88.880
89.270
89.640
90.010
90.360
90.740
91.110
91.480
91.840
92.220
92.590
92.970
93.320
93.700
94.060
94.440
94.810
95.180
95.530
95.920
96.280
96.650
97.020
97.380
97.760
98.140
98.490
98.870
99.240
99.600
99.980
100.360
100.710
101.100
101.450
101.830
102.190
102.570
102.930
103.300
103.670
104.050
104.410
104.800
105.150
105.510
105.880
106.240
106.610
106.970
107.350
107.730
108.090
108.450
108.820
109.200
109.560
109.950
110.290
110.660
111.020
111.400
111.750
112.130
112.510
112.870
113.230
113.600
113.980
114.350
114.710
115.100
115.450
115.820
116.190
116.560
116.930
117.320
117.660
118.030
118.400
118.770
119.130
119.510
119.870
120.260
120.620
121.000
121.360
121.760
122.120
122.490
122.850
123.240
123.590
123.960
124.340
124.720
125.080
125.450
125.820
126.200
126.560
126.930
127.290
127.680
128.030
128.420
128.780
129.160
129.530
129.910
130.260
130.640
131.010
131.390
131.750
132.130
132.480
132.850
133.210
133.590
133.950
134.330
134.690
135.070
135.430
135.810
136.170
136.550
136.910
137.310
137.670
138.050
138.420
138.800
139.160
139.540
139.900
140.280
140.640
141.030
141.390
141.760
142.130
142.500
142.870
143.250
143.600
143.990
144.360
144.730
145.080
145.470
145.820
146.190
146.560
146.940
147.300
147.680
148.030
148.410
148.750
149.110
149.490
149.870
150.230
150.600
150.960
151.340
151.700
152.080
152.450
152.810
153.170
153.520
153.900
154.270
154.620
154.990
155.370
155.750
156.100
156.490
156.850
157.230
157.590
157.960
158.320
158.700
159.050
159.430
159.790
160.160
160.540
160.910
161.270
161.660
162.020
162.380
162.760
163.120
163.500
163.880
164.250
164.620
164.980
165.350
165.710
166.090
166.450
166.840
167.200
167.580
167.930
168.320
168.680
169.070
169.450
169.840
170.200
170.590
170.960
171.350
171.670
171.980
172.300
172.620
172.950
173.260
173.580
173.900
174.220
174.540
174.860
175.180
175.500
175.830
176.140
176.470
176.790
177.100
177.430
177.750
178.060
178.380
178.710
179.020
179.350
