0.430
0.910
1.380
1.880
2.360
2.820
3.260
3.740
4.230
4.710
5.210
5.710
6.190
6.680
7.160
7.650
8.140
8.650
9.140
9.630
10.110
10.600
11.070
11.560
12.060
12.560
13.030
13.510
13.990
14.470
14.940
15.430
15.920
16.440
16.930
17.420
17.900
18.390
18.880
19.370
19.840
20.330
20.810
21.300
21.800
22.270
22.760
23.270
23.770
24.270
24.730
25.230
25.720
26.230
26.700
27.180
27.650
28.150
28.610
29.110
29.590
30.070
30.550
31.040
31.520
32.010
32.480
32.960
33.440
33.920
34.400
34.890
35.360
35.840
36.320
36.800
37.280
37.760
38.240
38.730
39.210
39.690
40.170
40.650
41.120
41.600
42.070
42.550
43.060
43.530
44.040
44.510
44.990
45.470
45.960
46.460
46.960
47.460
47.950
48.440
48.930
49.420
49.910
50.400
50.910
51.410
51.890
52.370
52.870
53.350
53.840
54.350
54.860
55.370
55.870
56.360
56.850
57.340
57.840
58.340
58.840
59.330
59.830
60.340
60.820
61.300
61.800
62.310
62.810
63.310
63.780
64.290
64.790
65.280
65.780
66.240
66.720
67.210
67.690
68.180
68.670
69.150
69.630
70.130
70.610
71.100
71.580
72.070
72.550
73.040
73.530
74.010
74.490
74.980
75.470
75.940
76.430
76.910
77.400
77.890
78.360
78.840
79.320
79.790
80.280
80.760
81.240
81.730
82.190
82.670
83.150
83.660
84.130
84.600
85.080
85.570
86.040
86.520
87.000
87.500
87.960
88.420
88.910
89.380
89.870
90.340
90.830
91.310
91.780
92.280
92.740
93.220
93.710
94.200
94.690
95.180
95.660
96.150
96.630
97.130
97.590
98.070
98.560
99.050
99.520
99.990
100.480
100.950
101.450
101.930
102.400
102.890
103.370
103.850
104.310
104.810
105.260
105.750
106.210
106.700
107.160
107.640
108.120
108.600
109.050
109.560
110.070
110.560
111.060
111.550
112.040
112.530
113.020
113.520
114.020
114.530
115.040
115.520
116.020
116.520
117.010
117.500
118.000
118.490
118.990
119.460
119.960
120.430
120.920
121.380
121.860
122.340
122.820
123.300
123.780
124.280
