0.160
0.460
0.770
1.090
1.400
1.710
2.020
2.340
2.660
2.990
3.290
3.610
3.920
4.220
4.530
4.840
5.150
5.470
5.780
6.090
6.400
6.710
7.020
7.340
7.660
7.980
8.290
8.600
8.900
9.210
9.520
9.830
10.130
10.440
10.730
11.040
11.350
11.660
11.970
12.280
12.580
12.900
13.210
13.520
13.820
14.130
14.440
14.760
15.060
15.370
15.690
16.010
16.310
16.620
16.930
17.250
17.550
17.860
18.170
18.480
18.800
19.100
19.410
19.720
20.030
20.340
20.650
20.960
21.270
21.590
21.900
22.200
22.510
22.820
23.130
23.440
23.760
24.060
24.380
24.690
25.010
25.320
25.630
25.950
26.250
26.560
26.870
27.180
27.490
27.810
28.110
28.420
28.730
29.050
29.350
29.660
29.970
30.290
30.590
30.900
31.210
31.520
31.830
32.140
32.450
32.760
33.070
33.380
33.690
34.000
34.310
34.630
34.930
35.250
35.550
35.870
36.170
36.490
36.790
37.100
37.410
37.730
38.030
38.340
38.640
38.950
39.240
39.550
39.870
40.180
40.480
40.790
41.100
41.410
41.720
42.030
42.340
42.660
42.960
43.280
43.590
43.890
44.200
44.510
44.830
45.140
45.440
45.750
46.060
46.390
46.700
47.010
47.320
47.630
47.940
48.250
48.560
48.860
49.180
49.490
49.790
50.110
50.430
50.750
51.070
51.380
51.690
52.010
52.310
52.640
52.950
53.270
53.580
53.890
54.210
54.510
54.830
55.140
55.450
55.760
56.070
56.370
56.690
57.000
57.310
57.620
57.930
58.250
58.570
58.890
59.200
59.520
59.830
60.150
60.470
60.790
61.100
61.420
61.730
62.040
62.350
62.660
62.970
63.290
63.600
63.900
64.210
64.500
64.800
65.120
65.440
65.760
66.080
66.390
66.710
67.030
67.340
67.660
67.960
68.280
68.590
68.910
69.230
69.550
69.870
70.190
70.510
70.830
71.140
71.460
71.770
72.080
72.400
72.710
73.020
73.330
73.650
73.960
74.280
74.590
74.900
75.220
75.520
75.830
76.150
76.460
76.760
77.090
77.410
77.730
78.040
78.350
78.660
78.980
79.280
79.600
79.910
80.220
80.540
80.850
81.170
81.490
81.810
82.120
82.440
82.750
83.060
83.370
83.670
83.990
84.290
84.600
84.910
85.240
85.550
85.870
86.190
86.500
86.820
87.130
87.450
87.770
88.090
88.420
88.730
89.050
89.370
89.680
89.990
90.300
90.620
90.940
91.260
91.570
91.870
92.200
92.520
92.830
93.150
93.480
93.790
94.100
94.420
94.730
95.060
95.370
95.690
96.020
96.330
96.630
96.960
97.270
97.600
97.910
98.230
98.540
98.860
99.170
99.480
99.780
100.090
100.410
100.730
101.060
101.380
101.700
102.020
102.340
102.650
102.980
103.290
103.610
103.930
104.260
104.560
104.880
105.190
105.510
105.830
106.150
106.470
106.800
107.120
107.430
107.750
108.080
108.390
108.710
109.030
109.340
109.660
109.960
110.290
110.600
110.920
111.230
111.550
111.850
112.170
112.480
112.790
113.090
113.410
113.730
114.050
114.370
114.690
115.000
115.320
115.630
115.950
116.270
116.590
116.920
117.230
117.550
117.860
118.170
118.480
118.790
119.110
119.420
119.720
120.040
120.350
120.650
120.960
121.280
121.580
121.900
122.210
122.530
122.850
123.170
123.480
123.800
124.120
124.450
124.760
125.090
125.400
125.720
126.030
126.350
126.660
126.980
127.300
127.610
127.930
128.240
128.560
128.870
129.190
129.510
129.820
130.140
130.460
130.780
131.090
131.400
131.710
132.020
132.340
132.670
132.980
133.290
133.610
133.910
134.230
134.540
134.850
135.180
135.500
135.820
136.140
136.460
136.770
137.100
137.410
137.730
138.040
138.350
138.660
138.980
139.290
139.600
139.920
140.240
140.560
140.870
141.190
141.510
141.830
142.160
142.480
142.790
143.120
143.440
143.750
144.070
144.400
144.710
145.040
145.350
145.680
145.990
146.320
146.640
146.960
147.280
147.610
147.920
148.260
148.580
148.900
149.230
149.550
149.870
150.180
150.510
150.820
151.140
151.470
151.790
152.100
152.420
152.740
153.070
153.380
153.700
154.030
154.340
154.660
154.990
155.300
155.620
155.950
