0.430
0.890
1.340
1.760
2.200
2.670
3.110
3.530
3.970
4.420
4.880
5.310
5.760
6.210
6.660
7.100
7.540
7.990
8.460
8.890
9.340
9.800
10.260
10.690
11.150
11.600
12.060
12.490
12.940
13.390
13.850
14.290
14.740
15.200
15.660
16.130
16.570
17.050
17.510
17.980
18.440
18.910
19.370
19.830
20.300
20.770
21.230
21.690
22.160
22.620
23.080
23.550
24.010
24.480
24.930
25.400
25.850
26.330
26.790
27.230
27.720
28.190
28.660
29.120
29.590
30.070
30.530
31.000
31.460
31.940
32.400
32.850
33.340
33.790
34.260
34.730
35.210
35.660
36.120
36.590
37.050
37.520
37.980
38.450
38.920
39.390
39.850
40.320
40.790
41.260
41.720
42.180
42.650
43.120
43.570
44.030
44.500
44.970
45.430
45.910
46.370
46.840
47.300
47.780
48.220
48.690
49.150
49.610
50.060
50.520
50.980
51.430
51.890
52.350
52.800
53.260
53.710
54.190
54.650
55.100
55.560
56.020
56.480
56.950
57.400
57.870
58.360
58.830
59.290
59.770
60.230
60.680
61.130
61.610
62.060
62.520
62.970
63.440
63.910
64.370
64.830
65.300
65.770
66.230
66.700
67.170
67.640
68.100
68.570
69.040
69.510
69.970
70.440
70.910
71.360
71.830
72.290
72.750
73.210
73.660
74.140
74.610
75.070
75.550
76.020
76.480
76.930
77.410
77.870
78.350
78.800
79.280
79.730
80.200
80.660
81.130
81.590
82.060
82.520
82.970
83.440
83.900
84.360
84.830
85.270
85.750
86.210
86.670
87.130
87.600
88.060
88.520
88.980
89.450
89.910
90.390
90.850
91.320
91.780
92.250
92.720
93.190
93.660
94.110
94.560
95.030
95.490
95.950
96.410
96.880
97.340
97.800
98.250
98.730
99.190
99.640
100.100
100.560
101.020
101.480
101.940
102.410
102.870
103.330
103.790
104.260
104.740
105.240
105.720
106.180
106.660
107.130
107.600
108.050
108.540
108.990
109.450
109.910
110.380
110.850
111.310
111.780
112.250
112.720
113.190
113.670
114.140
114.600
115.070
115.550
116.010
116.470
116.940
117.400
117.870
118.320
118.780
119.250
119.710
120.170
120.660
121.130
121.600
122.060
122.530
123.000
123.470
123.940
124.410
124.870
125.340
125.810
126.270
126.750
127.230
127.680
128.150
128.630
129.090
129.570
130.040
130.510
130.990
131.460
131.920
132.370
132.840
133.270
133.740
134.190
134.650
135.100
135.550
136.010
136.490
136.930
137.390
137.840
138.310
138.750
139.210
139.670
140.160
140.600
141.080
141.530
142.000
142.440
142.910
143.380
143.840
144.280
144.750
145.210
145.670
146.120
146.590
147.050
147.530
147.980
148.460
148.940
149.420
149.900
150.400
150.860
151.340
151.820
152.320
152.800
153.280
153.760
154.220
