0.410
0.840
1.260
1.600
1.950
2.290
2.630
2.990
3.310
3.670
3.990
4.340
4.690
5.010
5.370
5.690
6.050
6.390
6.730
7.070
7.420
7.760
8.110
8.480
8.820
9.180
9.510
9.860
10.220
10.570
10.920
11.290
11.630
11.980
12.330
12.680
13.040
13.390
13.740
14.090
14.450
14.810
15.150
15.500
15.860
16.220
16.560
16.920
17.260
17.620
17.960
18.300
18.650
19.000
19.350
19.710
20.070
20.430
20.780
21.160
21.520
21.860
22.220
22.560
22.900
23.260
23.620
23.970
24.310
24.660
25.020
25.370
25.730
26.080
26.430
26.780
27.130
27.490
27.840
28.200
28.550
28.900
29.260
29.600
29.960
30.320
30.670
31.030
31.390
31.740
32.100
32.450
32.810
33.160
33.510
33.860
34.210
34.550
34.900
35.230
35.580
35.930
36.260
36.600
36.950
37.310
37.650
38.010
38.360
38.720
39.070
39.410
39.770
40.110
40.450
40.820
41.160
41.500
41.850
42.210
42.560
42.910
43.260
43.640
43.980
44.340
44.690
45.030
45.390
45.730
46.090
46.430
46.780
47.130
47.480
47.840
48.200
48.540
48.900
49.230
49.580
49.940
50.300
50.660
51.020
51.370
51.730
52.080
52.410
52.770
53.120
53.490
53.840
54.200
54.550
54.910
55.270
55.630
56.010
56.360
56.700
57.030
57.360
57.710
58.050
58.390
58.740
59.080
59.430
59.790
60.140
60.480
60.840
61.200
61.560
61.920
62.270
62.620
62.970
63.340
63.700
64.040
64.410
64.760
65.130
65.480
65.840
66.190
66.550
66.910
67.240
67.590
67.940
68.310
68.630
68.990
69.310
69.650
70.000
70.340
70.700
71.040
71.390
71.750
72.100
72.450
72.800
73.150
73.510
73.850
74.210
74.570
74.910
75.270
75.620
75.970
76.330
76.680
77.020
77.370
77.710
78.060
78.430
78.770
79.120
79.460
79.810
80.160
80.520
80.870
81.220
81.580
81.940
82.290
82.640
82.980
83.340
83.680
84.030
84.380
84.730
85.100
85.420
85.780
86.120
86.440
86.780
87.150
87.500
87.870
88.220
88.580
88.930
89.300
89.650
90.010
90.370
90.720
91.070
91.430
91.790
92.140
92.500
92.860
93.220
93.570
93.930
94.290
94.630
94.980
95.330
95.690
96.050
96.410
96.750
97.100
97.450
97.810
98.160
98.520
98.870
99.220
99.570
99.920
100.280
100.640
100.990
101.340
101.700
102.050
102.390
102.750
103.090
103.440
103.800
104.150
104.480
104.850
105.200
105.560
105.910
106.270
106.640
106.970
107.300
107.650
108.010
108.350
108.690
109.040
109.390
109.750
110.110
110.450
110.810
111.170
111.530
111.890
112.230
112.590
112.950
113.300
113.650
113.980
114.360
114.720
115.070
115.420
115.780
116.150
116.500
116.850
117.200
117.570
117.920
118.260
118.620
118.970
119.320
119.660
120.000
120.370
120.710
121.060
121.440
121.790
122.160
122.520
122.860
123.210
123.580
123.910
124.280
124.610
124.940
125.290
125.630
125.960
126.300
126.660
127.000
127.360
127.710
128.070
128.430
128.790
129.140
129.510
129.860
130.210
130.560
130.920
131.270
131.650
132.010
132.360
132.720
133.080
133.430
133.800
134.140
134.510
134.870
135.220
135.580
135.930
136.280
136.610
136.930
137.240
137.560
137.880
138.210
138.530
138.840
139.170
139.470
139.790
140.090
140.410
140.710
141.020
141.340
141.650
141.950
142.270
142.570
142.880
143.190
143.510
