0.350
0.700
1.080
1.440
1.820
2.180
2.560
2.930
3.310
3.670
4.050
4.410
4.790
5.150
5.530
5.900
6.300
6.650
7.020
7.390
7.770
8.140
8.510
8.870
9.250
9.620
9.990
10.350
10.730
11.100
11.470
11.830
12.200
12.580
12.960
13.330
13.710
14.070
14.450
14.830
15.220
15.590
15.980
16.330
16.720
17.070
17.440
17.820
18.200
18.550
18.920
19.290
19.670
20.030
20.400
20.780
21.160
21.520
21.890
22.270
22.650
23.010
23.380
23.750
24.130
24.490
24.870
25.250
25.630
26.000
26.390
26.750
27.130
27.490
27.870
28.240
28.620
28.990
29.360
29.730
30.130
30.480
30.850
31.240
31.600
31.960
32.350
32.720
33.110
33.470
33.840
34.210
34.600
34.960
35.340
35.710
36.100
36.460
36.830
37.200
37.590
37.950
38.310
38.680
39.080
39.430
39.810
40.170
40.560
40.910
41.280
41.650
42.030
42.400
42.780
43.140
43.510
43.860
44.220
44.590
44.970
45.340
45.710
46.080
46.460
46.830
47.190
47.560
47.930
48.300
48.660
49.040
49.400
49.780
50.160
50.530
50.910
51.280
51.660
52.020
52.400
52.760
53.140
53.500
53.880
54.260
54.630
55.000
55.370
55.750
56.120
56.500
56.900
57.260
57.630
58.010
58.380
58.760
59.140
59.520
59.920
60.280
60.650
61.020
61.390
61.760
62.140
62.520
62.900
63.260
63.650
64.020
64.420
64.770
65.160
65.540
65.920
66.300
66.670
67.060
67.430
67.820
68.190
68.570
68.970
69.330
69.720
70.090
70.460
70.820
71.190
71.570
71.950
72.330
72.700
73.070
73.470
73.840
74.230
74.600
74.990
75.360
75.730
76.110
76.490
76.870
77.260
77.630
78.020
78.380
78.750
79.130
79.510
79.880
80.260
80.620
81.010
81.380
81.750
82.120
82.490
82.850
83.210
83.590
83.970
84.350
84.720
85.090
85.470
85.840
86.220
86.590
86.970
87.340
87.720
88.080
88.460
88.840
89.230
89.590
89.980
90.340
90.720
91.090
91.480
91.840
92.220
92.590
92.970
93.340
93.720
94.080
94.420
94.800
95.140
95.500
95.880
96.250
96.630
96.990
97.370
97.740
98.120
98.500
98.880
99.240
99.620
99.990
100.380
100.740
101.110
101.480
101.880
102.240
102.610
102.990
103.360
103.730
104.130
104.490
104.880
105.240
105.600
105.990
106.370
106.750
107.120
107.500
107.890
108.260
108.650
109.020
109.410
109.770
110.150
110.510
110.900
111.270
111.650
112.010
112.390
112.770
113.140
113.510
113.900
114.260
114.630
115.000
115.370
115.750
116.120
116.490
116.870
117.230
117.580
117.940
118.290
118.640
118.980
119.370
119.750
120.120
120.500
120.870
121.250
121.630
122.020
122.380
122.770
123.150
123.520
123.900
124.280
124.660
125.030
125.400
125.790
126.150
126.530
126.910
127.300
127.670
128.050
128.430
128.820
129.190
129.580
129.950
130.330
130.700
131.080
131.450
131.840
132.210
132.590
132.950
133.330
133.700
134.060
134.430
134.820
135.180
135.560
135.930
136.310
136.690
137.070
137.440
137.830
138.200
138.580
138.950
139.340
139.700
140.100
140.470
140.850
141.210
141.590
141.960
142.340
142.710
143.080
143.450
143.840
144.200
144.580
144.960
145.330
145.690
146.050
146.440
146.820
147.190
147.560
147.930
148.320
148.670
149.050
149.410
149.790
150.160
150.540
150.910
151.290
151.670
152.060
152.430
152.810
153.190
153.590
153.940
154.320
154.690
155.070
155.440
155.830
156.200
156.570
156.950
157.350
157.700
158.070
158.440
158.830
159.190
159.580
159.940
160.320
160.700
161.080
161.460
161.840
162.210
162.600
162.970
163.330
163.690
164.070
164.450
164.830
165.200
165.600
165.960
166.350
166.730
167.100
167.490
167.880
168.270
168.650
169.030
169.400
169.770
170.100
170.410
170.730
171.050
171.380
171.690
172.010
172.330
172.650
172.970
173.300
173.620
173.930
174.250
174.580
174.890
175.210
175.540
