0.420
0.980
1.580
2.210
2.780
3.380
3.910
4.470
5.060
5.590
6.180
6.710
7.280
7.840
8.310
8.800
9.270
9.720
10.180
10.630
11.080
11.520
11.960
12.410
12.860
13.310
13.760
14.200
14.660
15.110
15.550
16.010
16.450
16.900
17.340
17.780
18.230
18.700
19.120
19.580
20.010
20.460
20.900
21.340
21.790
22.250
22.690
23.140
23.590
24.050
24.500
24.940
25.390
25.850
26.290
26.740
27.190
27.640
28.090
28.540
28.980
29.430
29.870
30.320
30.770
31.220
31.660
32.130
32.560
33.030
33.470
33.900
34.360
34.810
35.250
35.700
36.150
36.600
37.040
37.480
37.920
38.370
38.820
39.260
39.740
40.190
40.650
41.100
41.530
41.990
42.430
42.880
43.310
43.760
44.210
44.670
45.120
45.570
46.010
46.460
46.910
47.370
47.820
48.270
48.720
49.170
49.610
50.060
50.510
50.960
51.410
51.860
52.310
52.780
53.210
53.670
54.120
54.580
55.020
55.470
55.910
56.370
56.810
57.260
57.690
58.150
58.590
59.050
59.480
59.930
60.370
60.820
61.270
61.730
62.170
62.620
63.060
63.520
63.970
64.420
64.860
65.320
65.770
66.220
66.670
67.120
67.570
68.030
68.490
68.960
69.400
69.860
70.300
70.760
71.210
71.660
72.110
72.570
73.010
73.460
73.910
74.350
74.800
75.260
75.710
76.180
76.630
77.080
77.540
77.980
78.440
78.900
79.340
79.800
80.260
80.710
81.160
81.620
82.070
82.520
82.970
83.430
83.870
84.330
84.770
85.230
85.670
86.120
86.570
87.030
87.480
87.940
88.380
88.830
89.280
89.730
90.200
90.650
91.090
91.550
92.000
92.460
92.910
93.370
93.830
94.290
94.740
95.180
95.650
96.120
96.560
97.020
97.460
97.920
98.370
98.820
99.280
99.750
100.200
100.650
101.110
101.570
102.020
102.480
102.930
103.400
103.850
104.310
104.760
105.220
105.680
106.160
106.600
107.080
107.520
107.980
108.440
108.900
109.360
109.840
