0.190
0.740
1.310
1.860
2.410
2.960
3.500
4.080
4.630
5.160
5.710
6.300
6.840
7.390
7.950
8.530
9.090
9.630
10.180
10.720
11.290
11.830
12.380
12.920
13.500
14.050
14.600
15.170
15.700
16.250
16.790
17.360
17.920
18.450
18.990
19.570
20.110
20.650
21.190
21.740
22.310
22.840
23.370
23.910
24.480
25.030
25.560
26.110
26.660
27.210
27.780
28.290
28.860
29.400
29.950
30.490
31.060
31.600
32.160
32.700
33.250
33.780
34.330
34.920
35.480
36.020
36.590
37.140
37.690
38.240
38.780
39.360
39.900
40.460
40.990
41.530
42.080
42.620
43.150
43.700
44.280
44.820
45.360
45.900
46.450
47.000
47.520
48.070
48.650
49.200
49.720
50.290
50.830
51.380
51.910
52.470
53.010
53.570
54.090
54.620
55.190
55.710
56.220
56.750
57.250
57.780
58.320
58.870
59.420
59.970
60.500
61.070
61.600
62.130
62.670
63.230
63.760
64.300
64.830
65.360
65.900
66.430
66.960
67.520
68.050
68.590
69.130
69.690
70.220
70.730
71.270
71.800
72.340
72.870
73.380
73.890
74.410
74.920
75.440
75.990
76.530
77.050
77.580
78.120
78.670
79.200
79.740
80.300
80.820
81.360
81.900
82.450
82.970
83.500
84.050
84.570
85.100
85.650
86.180
86.690
87.250
87.780
88.330
88.870
89.400
89.920
90.450
90.950
91.460
91.990
92.530
93.050
93.610
94.140
94.680
95.240
95.790
96.330
96.860
97.430
97.960
98.500
99.060
99.600
100.170
100.720
101.270
101.840
102.390
102.940
103.470
104.020
104.590
105.140
105.720
106.240
106.800
107.340
107.860
108.380
108.900
109.460
110.000
110.530
111.080
111.660
112.210
112.780
113.300
113.850
114.410
114.970
115.510
116.050
116.590
117.140
117.680
118.220
118.780
119.340
119.860
120.410
120.960
121.490
122.060
122.610
123.160
123.700
124.230
124.780
125.300
125.810
126.330
126.860
127.390
127.930
128.470
129.010
129.540
130.100
130.630
131.170
131.730
132.270
132.810
133.330
133.890
134.430
134.960
135.520
136.070
136.600
137.140
137.670
138.220
138.750
139.300
139.840
140.390
140.920
141.460
141.990
142.530
143.020
143.530
144.070
144.620
145.160
145.680
146.220
146.770
147.330
147.900
148.420
148.970
149.550
150.080
150.620
151.190
151.720
152.300
152.850
153.390
153.950
154.510
155.050
155.600
156.150
156.710
157.240
157.800
158.350
158.890
159.460
160.000
160.540
161.090
161.660
162.190
162.760
163.310
163.850
164.390
164.950
165.500
166.040
166.600
167.150
167.680
168.220
168.770
169.330
169.900
170.530
171.130
171.720
172.290
172.890
173.490
174.080
174.640
175.230
175.820
176.440
177.030
