0.470
0.960
1.410
1.830
2.280
2.730
3.190
3.620
4.070
4.530
4.990
5.450
5.910
6.350
6.800
7.250
7.700
8.160
8.620
9.050
9.520
9.980
10.430
10.890
11.360
11.830
12.280
12.730
13.200
13.660
14.120
14.570
15.030
15.500
15.960
16.410
16.870
17.320
17.770
18.250
18.700
19.170
19.620
20.070
20.540
20.990
21.460
21.920
22.380
22.840
23.310
23.770
24.230
24.690
25.160
25.620
26.080
26.560
27.020
27.500
27.970
28.410
28.860
29.310
29.770
30.240
30.690
31.160
31.630
32.080
32.540
33.010
33.480
33.950
34.390
34.850
35.310
35.770
36.240
36.690
37.150
37.610
38.080
38.530
38.990
39.450
39.920
40.380
40.850
41.310
41.760
42.220
42.690
43.140
43.600
44.060
44.520
44.990
45.440
45.900
46.360
46.830
47.300
47.740
48.200
48.670
49.130
49.600
50.060
50.520
50.970
51.420
51.890
52.340
52.820
53.270
53.750
54.220
54.690
55.160
55.630
56.100
56.580
57.030
57.500
57.970
58.450
58.900
59.370
59.840
60.300
60.760
61.230
61.700
62.160
62.630
63.090
63.540
64.020
64.460
64.940
65.380
65.860
66.310
66.760
67.210
67.670
68.130
68.600
69.070
69.530
70.000
70.470
70.930
71.390
71.850
72.320
72.770
73.250
73.710
74.170
74.640
75.100
75.560
76.030
76.490
76.960
77.410
77.880
78.350
78.800
79.260
79.730
80.180
80.640
81.110
81.560
82.040
82.520
82.970
83.430
83.890
84.370
84.830
85.280
85.770
86.220
86.690
87.160
87.610
88.070
88.530
88.990
89.450
89.920
90.370
90.850
91.310
91.790
92.250
92.710
93.180
93.650
94.100
94.570
95.030
95.500
95.970
96.430
96.900
97.360
97.820
98.300
98.770
99.240
99.700
100.160
100.620
101.100
101.540
102.000
102.450
102.920
103.360
103.800
104.260
104.730
105.190
105.650
106.120
106.580
107.050
107.530
107.990
108.460
108.930
109.390
109.860
110.330
110.780
111.250
111.710
112.180
112.630
113.110
113.570
114.030
114.500
114.960
115.430
115.880
116.340
116.820
117.260
117.730
118.190
118.660
119.120
119.590
120.060
120.520
120.990
121.460
121.920
122.390
122.850
123.310
123.790
124.250
124.700
125.160
125.600
126.050
126.530
127.000
127.460
127.940
128.380
128.860
129.310
129.770
130.240
130.690
131.140
131.600
132.060
132.520
132.980
133.450
133.910
134.370
134.820
135.280
135.740
136.210
136.650
137.110
137.580
138.040
138.490
138.970
139.420
139.880
140.310
140.760
141.260
141.740
142.200
142.680
143.180
143.660
144.140
144.620
145.100
145.580
146.040
