0.080
0.490
0.910
1.320
1.740
2.180
2.600
3.040
3.500
3.930
4.370
4.820
5.250
5.700
6.130
6.560
7.010
7.450
7.870
8.310
8.740
9.180
9.640
10.060
10.530
10.970
11.410
11.870
12.300
12.730
13.170
13.620
14.040
14.480
14.910
15.360
15.790
16.230
16.670
17.120
17.560
18.000
18.430
18.870
19.310
19.760
20.190
20.630
21.080
21.520
21.960
22.400
22.850
23.290
23.730
24.170
24.610
25.060
25.530
25.990
26.450
26.900
27.350
27.820
28.250
28.690
29.130
29.570
30.010
30.460
30.890
31.340
31.770
32.220
32.680
33.110
33.580
34.020
34.460
34.920
35.350
35.800
36.230
36.680
37.120
37.570
38.000
38.440
38.890
39.330
39.770
40.220
40.670
41.110
41.550
41.990
42.440
42.890
43.320
43.770
44.210
44.650
45.110
45.560
45.990
46.440
46.880
47.340
47.780
48.220
48.670
49.140
49.580
50.040
50.480
50.920
51.360
51.790
52.250
52.700
53.150
53.590
54.040
54.480
54.920
55.370
55.820
56.280
56.710
57.150
57.600
58.040
58.480
58.910
59.360
59.800
60.250
60.670
61.120
61.590
62.040
62.480
62.890
63.340
63.750
64.190
64.610
65.050
65.480
65.930
66.370
66.820
67.250
67.710
68.160
68.620
69.070
69.520
69.960
70.420
70.870
71.320
71.770
72.220
72.660
73.110
73.580
74.020
74.500
74.950
75.410
75.860
76.310
76.760
77.210
77.670
78.110
78.560
79.000
79.460
79.910
80.360
80.830
81.280
81.760
82.200
82.660
83.110
83.540
84.000
84.450
84.900
85.340
85.790
86.230
86.660
87.110
87.570
88.010
88.460
88.890
89.330
89.780
90.240
90.700
91.140
91.580
92.030
92.470
92.920
93.370
93.820
94.280
94.720
95.160
95.620
96.060
96.520
97.000
97.480
97.940
98.400
98.850
99.310
99.760
100.200
100.640
101.090
101.530
101.980
102.430
102.880
103.330
103.790
104.220
104.670
105.110
105.570
106.010
106.460
106.900
107.360
107.800
108.260
108.710
109.160
109.600
110.040
110.480
110.930
111.370
111.820
112.270
112.720
113.160
113.600
114.040
114.490
114.930
115.370
115.830
116.290
116.710
117.160
117.600
118.040
118.480
118.920
119.360
119.800
120.230
120.690
121.130
121.560
121.970
122.420
122.830
123.270
123.690
124.130
124.570
125.020
125.460
125.900
126.340
126.790
127.230
127.680
128.130
128.590
129.030
129.490
129.940
130.400
130.850
131.300
131.750
132.190
132.640
133.100
133.550
133.970
134.430
134.890
135.320
135.780
136.220
136.690
137.130
137.650
138.170
138.700
139.230
139.710
140.190
140.670
141.130
141.630
142.100
142.570
143.070
143.530
144.010
144.490
144.970
145.450
145.930
146.410
146.890
147.370
