0.000
0.450
0.870
1.320
1.740
2.190
2.610
3.020
3.450
3.850
4.280
4.690
5.120
5.550
5.980
6.420
6.850
7.270
7.680
8.110
8.560
8.960
9.400
9.800
10.240
10.640
11.080
11.500
11.940
12.360
12.800
13.230
13.670
14.090
14.520
14.950
15.390
15.800
16.230
16.680
17.110
17.520
17.950
18.390
18.830
19.260
19.700
20.130
20.580
21.000
21.450
21.860
22.300
22.730
23.170
23.580
24.030
24.440
24.890
25.300
25.750
26.150
26.580
26.990
27.410
27.840
28.280
28.710
29.140
29.550
29.990
30.420
30.860
31.270
31.710
32.140
32.590
33.020
33.450
33.890
34.350
34.750
35.170
35.600
36.040
36.460
36.890
37.320
37.760
38.170
38.610
39.030
39.480
39.890
40.340
40.770
41.200
41.620
42.040
42.470
42.930
43.350
43.790
44.220
44.660
45.070
45.500
45.940
46.400
46.820
47.240
47.680
48.110
48.550
48.980
49.390
49.830
50.260
50.700
51.100
51.520
51.960
52.400
52.810
53.260
53.680
54.110
54.530
54.960
55.390
55.820
56.260
56.700
57.110
57.550
57.980
58.410
58.850
59.310
59.750
60.170
60.610
61.030
61.460
61.880
62.280
62.710
63.160
63.580
64.020
64.460
64.900
65.340
65.770
66.210
66.640
67.070
67.510
67.930
68.350
68.810
69.240
69.680
70.110
70.540
70.970
71.410
71.850
72.280
72.720
73.160
73.600
74.040
74.470
74.920
75.370
75.810
76.250
76.690
77.140
77.580
78.010
78.460
78.890
79.320
79.750
80.190
80.640
81.090
81.510
81.950
82.390
82.840
83.250
83.680
84.110
84.560
84.970
85.400
85.840
86.280
86.710
87.140
87.570
88.030
88.450
88.900
89.320
89.770
90.180
90.620
91.060
91.520
91.960
92.400
92.830
93.260
93.700
94.120
94.550
94.990
95.430
95.860
96.270
96.700
97.140
97.590
98.010
98.460
98.870
99.320
99.730
100.160
100.610
101.040
101.500
101.930
102.350
102.790
103.230
103.680
104.100
104.550
104.990
105.430
105.870
106.300
106.740
107.200
107.610
108.040
108.480
108.910
109.350
109.790
110.220
110.680
111.100
111.540
111.990
112.420
112.860
113.280
113.730
114.150
114.600
115.030
115.480
115.900
116.340
116.800
117.220
117.670
118.160
118.620
119.090
119.550
120.020
120.520
120.980
121.460
121.960
122.440
122.900
