0.140
0.530
0.920
1.320
1.730
2.140
2.530
2.950
3.350
3.750
4.140
4.550
4.950
5.360
5.760
6.170
6.570
7.000
7.390
7.810
8.190
8.610
8.990
9.420
9.810
10.230
10.630
11.040
11.430
11.830
12.230
12.650
13.030
13.450
13.850
14.260
14.660
15.080
15.470
15.880
16.290
16.690
17.110
17.520
17.920
18.340
18.720
19.140
19.540
19.960
20.370
20.780
21.190
21.610
22.000
22.430
22.810
23.220
23.620
24.030
24.450
24.860
25.260
25.670
26.080
26.500
26.940
27.370
27.800
28.190
28.600
29.020
29.420
29.840
30.240
30.660
31.050
31.470
31.860
32.280
32.670
33.100
33.500
33.920
34.310
34.720
35.140
35.550
35.970
36.380
36.780
37.190
37.600
38.000
38.410
38.830
39.240
39.670
40.060
40.490
40.870
41.270
41.680
42.110
42.500
42.920
43.320
43.730
44.130
44.540
44.940
45.360
45.770
46.190
46.570
46.990
47.380
47.800
48.230
48.670
49.090
49.490
49.910
50.340
50.750
51.170
51.560
51.990
52.380
52.800
53.210
53.620
54.020
54.440
54.850
55.260
55.650
56.050
56.460
56.880
57.280
57.700
58.110
58.520
58.900
59.310
59.710
60.120
60.530
60.950
61.340
61.760
62.150
62.550
62.950
63.360
63.760
64.170
64.580
64.990
65.400
65.820
66.230
66.660
67.060
67.500
67.890
68.300
68.740
69.150
69.560
69.990
70.390
70.820
71.230
71.630
72.010
72.420
72.830
73.240
73.640
74.060
74.460
74.860
75.250
75.670
76.070
76.470
76.870
77.290
77.680
78.100
78.490
78.910
79.320
79.730
80.130
80.550
80.950
81.380
81.770
82.190
82.620
83.030
83.480
83.880
84.310
84.740
85.130
85.560
85.950
86.360
86.760
87.170
87.570
87.980
88.360
88.780
89.180
89.580
89.960
90.360
90.760
91.160
91.560
91.980
92.380
92.790
93.170
93.590
93.980
94.400
94.800
95.220
95.600
96.010
96.410
96.820
97.210
97.620
98.020
98.450
98.840
99.230
99.630
100.030
100.440
100.840
101.230
101.640
102.040
102.440
102.840
103.260
103.660
104.070
104.460
104.880
105.260
105.660
106.060
106.470
106.880
107.290
107.680
108.100
108.500
108.910
109.330
109.740
110.150
110.560
110.950
111.360
111.750
112.170
112.560
112.960
113.370
113.780
114.170
114.580
114.980
115.380
115.770
116.170
116.570
116.980
117.380
117.790
118.190
118.600
119.000
119.420
119.810
120.210
120.610
121.020
121.410
121.830
122.210
122.630
123.070
123.490
123.910
124.310
124.710
125.120
125.520
125.940
126.320
126.740
127.130
127.540
127.940
128.320
128.720
129.140
129.520
129.940
130.320
130.730
131.120
131.520
131.920
132.320
132.720
133.140
133.520
133.930
134.330
134.740
135.120
135.540
135.940
136.340
136.730
137.130
137.520
137.950
138.360
138.800
139.260
139.680
140.120
140.560
141.000
141.440
141.880
142.320
