0.000
0.480
0.940
1.410
1.850
2.300
2.750
3.180
3.620
4.070
4.510
4.950
5.400
5.850
6.290
6.730
7.180
7.630
8.070
8.510
8.960
9.410
9.850
10.300
10.730
11.170
11.630
12.070
12.510
12.960
13.410
13.850
14.290
14.730
15.160
15.630
16.080
16.520
16.960
17.410
17.870
18.320
18.760
19.210
19.650
20.100
20.550
20.990
21.430
21.890
22.340
22.790
23.230
23.680
24.120
24.570
25.010
25.460
25.900
26.350
26.790
27.230
27.670
28.120
28.560
29.000
29.450
29.910
30.350
30.790
31.230
31.670
32.120
32.560
33.020
33.480
33.930
34.370
34.820
35.260
35.700
36.160
36.600
37.050
37.500
37.940
38.390
38.840
39.290
39.740
40.200
40.650
41.100
41.540
41.990
42.430
42.870
43.320
43.760
44.210
44.660
45.110
45.550
46.000
46.440
46.880
47.340
47.790
48.230
48.680
49.110
49.560
50.000
50.450
50.910
51.350
51.810
52.250
52.690
53.140
53.590
54.040
54.480
54.940
55.380
55.830
56.280
56.720
57.170
57.610
58.070
58.520
58.980
59.430
59.870
60.310
60.760
61.200
61.650
62.100
62.550
62.990
63.440
63.880
64.320
64.760
65.220
65.670
66.130
66.580
67.030
67.480
67.930
68.380
68.820
69.270
69.720
70.170
70.620
71.060
71.510
71.950
72.400
72.850
73.300
73.750
74.190
74.640
75.080
75.530
75.970
76.430
76.880
77.320
77.750
78.210
78.650
79.100
79.560
80.000
80.440
80.890
81.330
81.770
82.210
82.650
83.110
83.560
84.010
84.460
84.900
85.340
85.790
86.240
86.680
87.120
87.560
88.010
88.440
88.890
89.330
89.760
90.210
90.660
91.110
91.550
92.000
92.450
92.900
93.340
93.780
94.230
94.680
95.130
95.580
96.020
96.470
96.920
97.370
97.820
98.270
98.720
99.170
99.620
100.070
100.530
100.970
101.410
101.860
102.310
102.770
103.220
103.660
104.110
104.560
105.010
105.460
105.910
106.350
106.800
107.250
107.700
108.140
108.600
109.050
109.510
109.950
110.400
110.860
111.310
111.750
112.190
112.640
113.090
113.530
113.980
114.420
114.870
115.320
115.780
116.230
116.680
117.130
117.570
118.030
118.490
118.930
119.400
119.850
120.300
120.760
121.240
121.680
122.140
122.620
123.060
123.530
123.980
124.440
124.900
125.360
