0.450
1.020
1.580
2.110
2.650
3.170
3.720
4.240
4.780
5.320
5.840
6.380
6.900
7.440
7.970
8.490
9.020
9.550
10.070
10.590
11.110
11.700
12.260
12.810
13.340
13.880
14.440
14.950
15.480
16.020
16.530
17.080
17.620
18.150
18.690
19.220
19.750
20.280
20.830
21.350
21.880
22.410
22.940
23.480
24.010
24.550
25.050
25.600
26.130
26.650
27.190
27.710
28.240
28.770
29.300
29.820
30.340
30.890
31.420
31.940
32.470
33.000
33.530
34.050
34.590
35.130
35.650
36.190
36.720
37.260
37.780
38.310
38.830
39.380
39.900
40.440
40.960
41.500
42.020
42.560
43.080
43.610
44.160
44.690
45.210
45.750
46.260
46.790
47.310
47.900
48.460
48.970
49.510
50.070
50.590
51.130
51.660
52.210
52.760
53.280
53.820
54.360
54.890
55.430
55.950
56.510
57.060
57.560
58.090
58.640
59.200
59.720
60.250
60.790
61.320
61.850
62.390
62.910
63.460
63.980
64.520
65.060
65.620
66.140
66.660
67.190
67.740
68.280
68.810
69.330
69.870
70.400
70.920
71.450
71.960
72.500
73.020
73.560
74.090
74.620
75.150
75.680
76.220
76.740
77.260
77.810
78.340
78.860
79.400
79.930
80.450
80.990
81.530
82.040
82.570
83.120
83.640
84.170
84.690
85.230
85.770
86.300
86.830
87.360
87.900
88.440
88.960
89.500
90.020
90.560
91.090
91.620
92.150
92.730
93.280
93.820
94.380
94.930
95.470
96.000
96.530
97.070
97.590
98.140
98.670
99.210
99.740
100.270
100.800
101.340
101.880
102.400
102.940
103.470
104.020
104.540
105.070
105.580
106.120
106.640
107.150
107.680
108.180
108.700
109.220
109.760
110.310
110.820
111.360
111.890
112.450
112.960
113.490
114.020
114.550
115.070
115.620
116.140
116.680
117.210
117.740
118.280
118.810
119.330
119.860
120.410
120.930
121.490
122.020
122.560
123.100
123.640
124.170
124.700
125.240
125.800
126.330
126.870
127.420
127.960
128.480
129.030
129.560
130.100
130.630
131.190
131.720
132.250
132.780
133.310
133.850
134.410
134.930
135.460
135.980
136.530
137.040
137.630
138.190
138.720
139.260
139.820
140.370
140.910
141.430
141.980
142.530
143.070
143.600
144.130
144.670
145.220
145.750
146.300
146.850
147.390
147.930
148.470
149.020
149.560
150.090
150.630
151.150
151.710
152.240
152.790
153.310
153.810
154.290
154.750
155.250
155.730
156.210
156.690
157.170
157.630
