0.500
1.080
1.670
2.220
2.800
3.380
3.940
4.510
5.130
5.710
6.300
6.900
7.450
8.060
8.560
9.110
9.640
10.120
10.580
11.070
11.540
12.030
12.510
12.990
13.480
13.980
14.450
14.950
15.450
15.940
16.430
16.900
17.380
17.870
18.370
18.840
19.340
19.800
20.290
20.770
21.260
21.740
22.220
22.710
23.180
23.660
24.140
24.640
25.130
25.610
26.100
26.570
27.040
27.530
28.010
28.480
28.970
29.450
29.940
30.430
30.920
31.380
31.870
32.360
32.850
33.330
33.830
34.320
34.810
35.300
35.770
36.260
36.730
37.220
37.690
38.160
38.640
39.120
39.590
40.080
40.550
41.030
41.520
42.010
42.470
42.950
43.430
43.900
44.390
44.870
45.340
45.830
46.310
46.780
47.270
47.760
48.230
48.710
49.200
49.680
50.160
50.640
51.140
51.630
52.110
52.580
53.070
53.550
54.040
54.510
54.990
55.480
55.960
56.430
56.930
57.420
57.900
58.370
58.860
59.340
59.830
60.310
60.800
61.300
61.800
62.270
62.760
63.240
63.730
64.220
64.690
65.180
65.650
66.140
66.620
67.110
67.590
68.070
68.550
69.020
69.510
70.000
70.470
70.960
71.430
71.910
72.370
72.850
73.340
73.820
74.290
74.790
75.270
75.750
76.230
76.700
77.190
77.660
78.140
78.620
79.090
79.560
80.020
80.490
80.980
81.460
81.940
82.420
82.890
83.370
83.850
84.330
84.810
85.290
85.790
86.270
86.740
87.210
87.710
88.190
88.670
89.140
89.630
90.110
90.590
91.060
91.540
92.020
92.500
92.970
93.460
93.940
94.430
94.890
95.390
95.880
96.370
96.850
97.340
97.820
98.300
98.780
99.280
99.770
100.270
100.750
101.220
101.720
102.200
102.700
103.170
103.650
104.150
104.630
105.110
105.590
106.060
106.550
107.040
107.510
107.990
108.470
108.970
109.450
109.930
110.400
110.880
111.360
111.860
112.330
112.840
113.320
113.790
114.280
114.760
115.250
115.710
116.210
116.670
117.150
117.630
118.110
118.590
119.090
