0.130
0.750
1.390
2.000
2.610
3.200
3.820
4.450
5.050
5.680
6.290
6.900
7.540
8.170
8.730
9.300
9.890
10.460
11.020
11.590
12.160
12.750
13.330
13.920
14.520
15.080
15.680
16.290
16.870
17.480
18.070
18.660
19.260
19.880
20.470
21.090
21.700
22.290
22.900
23.520
24.110
24.700
25.290
25.910
26.520
27.100
27.740
28.340
28.940
29.530
30.130
30.730
31.340
31.930
32.540
33.120
33.750
34.350
34.930
35.530
36.130
36.710
37.300
37.920
38.480
39.070
39.690
40.270
40.850
41.450
42.020
42.620
43.190
43.760
44.320
44.890
45.440
46.000
46.540
47.100
47.650
48.200
48.740
49.300
49.840
50.390
50.920
51.490
52.020
52.570
53.100
53.660
54.200
54.760
55.300
55.860
56.400
56.970
57.530
58.120
58.680
59.250
59.830
60.390
60.960
61.560
62.130
62.710
63.300
63.880
64.460
65.070
65.660
66.260
66.860
67.450
68.060
68.680
69.260
69.870
70.480
71.080
71.680
72.290
72.890
73.480
74.090
74.680
75.280
75.890
76.480
77.080
77.680
78.280
78.870
79.490
80.070
80.670
81.290
81.860
82.490
83.090
83.670
84.280
84.880
85.480
86.080
86.680
87.260
87.840
88.440
89.010
89.610
90.220
90.780
91.370
91.960
92.500
93.080
93.640
94.190
94.730
95.290
95.860
96.400
96.960
97.510
98.070
98.630
99.170
99.720
100.280
100.830
101.410
102.000
102.640
103.260
103.970
104.630
105.410
106.140
106.870
107.660
108.400
109.100
109.840
110.580
111.310
111.890
112.430
112.950
113.480
114.040
114.560
115.100
115.670
116.290
116.940
117.570
118.180
118.800
119.430
120.090
120.690
121.320
121.960
122.630
123.240
123.910
124.550
