0.150
0.530
0.930
1.350
1.740
2.140
2.550
2.970
3.380
3.770
4.190
4.600
5.010
5.420
5.850
6.270
6.690
7.080
7.510
7.920
8.310
8.740
9.170
9.570
9.990
10.400
10.820
11.220
11.640
12.040
12.480
12.900
13.320
13.730
14.150
14.570
14.990
15.410
15.830
16.250
16.670
17.080
17.500
17.910
18.340
18.760
19.170
19.580
20.010
20.410
20.820
21.250
21.670
22.100
22.540
22.970
23.400
23.810
24.220
24.640
25.080
25.490
25.910
26.320
26.740
27.160
27.580
28.000
28.430
28.840
29.270
29.690
30.120
30.520
30.950
31.390
31.830
32.240
32.690
33.120
33.550
33.950
34.390
34.800
35.230
35.640
36.050
36.480
36.910
37.340
37.750
38.180
38.610
39.020
39.440
39.850
40.290
40.700
41.120
41.540
41.960
42.390
42.810
43.230
43.660
44.090
44.510
44.930
45.340
45.770
46.190
46.610
47.040
47.460
47.890
48.330
48.770
49.180
49.610
50.030
50.460
50.880
51.320
51.740
52.180
52.590
53.000
53.440
53.850
54.250
54.660
55.090
55.520
55.940
56.380
56.810
57.230
57.660
58.080
58.510
58.960
59.380
59.820
60.250
60.680
61.100
61.520
61.950
62.400
62.820
63.250
63.670
64.100
64.530
64.960
65.390
65.830
66.250
66.700
67.120
67.560
67.990
68.420
68.890
69.340
69.780
70.210
70.640
71.090
71.500
71.950
72.380
72.810
73.230
73.660
74.090
74.520
74.940
75.380
75.820
76.250
76.680
77.110
77.530
77.970
78.390
78.830
79.250
79.670
80.090
80.510
80.940
81.380
81.800
82.220
82.650
83.100
83.520
83.940
84.380
84.810
85.250
85.700
86.120
86.560
86.990
87.400
87.840
88.270
88.700
89.140
89.550
89.990
90.410
90.830
91.260
91.700
92.120
92.570
93.000
93.440
93.850
94.280
94.710
95.150
95.600
96.040
96.470
96.900
97.320
97.730
98.150
98.550
98.960
99.380
99.780
100.210
100.640
101.080
101.480
101.860
102.280
102.660
103.070
103.510
103.930
104.350
104.760
105.160
105.560
105.980
106.400
106.830
107.260
107.710
108.180
108.650
109.140
109.590
110.060
110.530
111.000
111.470
111.940
112.410
