0.210
0.690
1.160
1.610
2.080
2.560
3.030
3.490
3.950
4.420
4.860
5.320
5.800
6.280
6.750
7.210
7.650
8.110
8.570
9.040
9.510
9.980
10.450
10.910
11.380
11.860
12.340
12.800
13.280
13.770
14.230
14.700
15.180
15.640
16.120
16.590
17.060
17.530
18.000
18.480
18.950
19.420
19.890
20.370
20.840
21.320
21.770
22.240
22.690
23.110
23.550
24.020
24.490
24.960
25.420
25.880
26.360
26.840
27.310
27.780
28.250
28.730
29.190
29.660
30.130
30.600
31.070
31.540
32.010
32.490
32.960
33.430
33.900
34.380
34.850
35.320
35.800
36.280
36.740
37.200
37.640
38.100
38.540
39.020
39.510
39.980
40.460
40.930
41.400
41.880
42.360
42.830
43.310
43.780
44.250
44.730
45.210
45.680
46.160
46.630
47.110
47.600
48.070
48.550
49.020
49.500
49.970
50.450
50.930
51.420
51.900
52.340
52.770
53.210
53.670
54.140
54.640
55.120
55.590
56.060
56.530
57.020
57.490
57.980
58.470
58.940
59.430
59.910
60.380
60.870
61.330
61.820
62.310
62.800
63.280
63.760
64.250
64.740
65.220
65.700
66.190
66.670
67.160
67.640
68.120
68.610
69.070
69.560
70.050
70.550
71.040
71.520
72.020
72.510
72.990
73.480
73.970
74.480
74.980
75.450
75.940
76.430
76.910
77.410
77.910
78.410
78.910
79.380
79.890
80.360
80.850
81.360
81.860
82.350
82.840
83.310
83.810
84.320
84.790
85.320
85.810
86.310
86.800
87.320
87.820
88.300
88.810
89.300
89.800
90.290
90.790
91.280
91.770
92.250
92.740
93.220
93.710
94.180
94.660
95.140
95.620
96.100
96.580
97.070
97.560
98.030
98.520
98.990
99.460
99.960
100.440
100.920
101.410
101.890
102.370
102.840
103.300
103.750
104.200
104.670
105.170
105.640
106.120
106.590
107.070
107.570
108.050
108.530
109.020
109.500
109.970
110.440
110.880
111.320
111.780
112.270
112.760
113.240
113.720
114.190
114.680
115.150
115.640
116.110
116.610
117.090
117.570
118.060
118.540
119.020
119.490
119.980
120.470
120.950
121.440
121.930
122.410
122.900
123.380
123.880
124.370
124.860
125.350
125.820
126.300
126.780
127.260
127.750
128.250
128.730
129.210
129.700
130.180
130.660
131.140
131.620
132.110
132.590
133.070
133.550
134.010
134.490
134.970
135.450
135.940
136.420
136.900
137.380
137.880
138.360
138.840
139.360
139.860
140.350
140.850
141.350
141.860
142.340
142.840
143.340
143.840
144.320
144.810
145.450
146.090
146.710
147.350
147.940
148.520
149.150
149.720
150.350
150.920
151.550
152.130
152.720
