0.220
0.550
0.860
1.190
1.550
1.880
2.240
2.620
2.970
3.330
3.690
4.050
4.400
4.770
5.130
5.500
5.850
6.200
6.570
6.940
7.280
7.640
7.990
8.360
8.700
9.040
9.400
9.750
10.110
10.460
10.810
11.180
11.520
11.890
12.220
12.590
12.940
13.310
13.690
14.050
14.420
14.780
15.170
15.540
15.900
16.270
16.630
17.000
17.370
17.730
18.100
18.470
18.840
19.200
19.570
19.940
20.300
20.670
21.050
21.410
21.780
22.150
22.540
22.890
23.260
23.620
23.980
24.360
24.730
25.100
25.480
25.830
26.220
26.580
26.950
27.310
27.680
28.030
28.400
28.770
29.140
29.500
29.860
30.220
30.580
30.960
31.330
31.670
32.050
32.400
32.760
33.130
33.510
33.850
34.230
34.580
34.950
35.310
35.650
36.010
36.370
36.730
37.060
37.420
37.790
38.150
38.510
38.860
39.220
39.570
39.930
40.300
40.660
41.010
41.360
41.710
42.060
42.420
42.770
43.150
43.500
43.850
44.210
44.570
44.920
45.280
45.620
45.980
46.340
46.680
47.040
47.410
47.770
48.130
48.510
48.860
49.240
49.600
49.970
50.340
50.710
51.080
51.460
51.820
52.200
52.550
52.920
53.310
53.670
54.030
54.410
54.770
55.130
55.490
55.870
56.230
56.580
56.960
57.340
57.690
58.080
58.440
58.800
59.170
59.540
59.910
60.260
60.640
61.000
61.360
61.740
62.100
62.470
62.820
63.180
63.530
63.890
64.250
64.610
64.980
65.360
65.720
66.060
66.420
66.800
67.160
67.520
67.880
68.230
68.610
68.990
69.360
69.720
70.080
70.420
70.780
71.140
71.510
71.860
72.210
72.570
72.940
73.280
73.650
74.010
74.380
74.730
75.080
75.450
75.820
76.180
76.530
76.880
77.250
77.600
77.970
78.330
78.690
79.040
79.390
79.750
80.110
80.460
80.840
81.180
81.520
81.870
82.230
82.590
82.960
83.300
83.680
84.030
84.380
84.730
85.080
85.450
85.790
86.140
86.490
86.840
87.190
87.550
87.930
88.290
88.640
89.010
89.370
89.750
90.110
90.460
90.820
91.210
91.560
91.930
92.290
92.650
93.010
93.380
93.740
94.110
94.460
94.840
95.200
95.550
95.920
96.280
96.640
97.030
97.380
97.760
98.120
98.490
98.860
99.240
99.590
99.970
100.340
100.710
101.060
101.440
101.800
102.180
102.540
102.900
103.270
103.620
103.990
104.360
104.720
105.080
105.450
105.820
106.210
106.560
106.930
107.280
107.650
108.000
108.390
108.740
109.120
109.470
109.830
110.200
110.540
110.920
111.260
111.620
111.990
112.340
112.710
113.050
113.420
113.770
114.140
114.500
114.870
115.240
115.600
115.990
116.350
116.700
117.040
117.400
117.770
118.100
118.470
118.820
119.150
119.500
119.860
120.220
120.550
120.900
121.270
121.600
121.960
122.310
122.650
123.010
123.370
123.730
124.090
124.450
124.820
125.180
125.540
125.900
126.270
126.620
126.980
127.350
127.730
128.080
128.460
128.830
129.190
129.550
129.910
130.270
130.640
131.000
131.370
131.730
132.090
132.440
132.810
133.180
133.530
133.880
134.240
134.600
134.980
135.350
135.710
136.080
136.440
136.800
137.170
137.510
137.880
138.250
138.610
138.970
139.330
139.680
140.030
140.400
140.760
141.130
141.490
141.840
142.200
142.560
142.930
143.280
143.630
144.000
144.360
144.710
145.070
145.400
145.750
146.140
146.500
146.860
147.230
147.590
147.950
148.320
148.670
149.020
149.380
149.740
150.100
150.460
150.830
151.200
151.550
151.920
152.290
152.660
153.020
153.400
153.760
154.130
154.490
154.860
155.230
155.610
155.970
156.360
156.710
157.100
157.460
157.830
158.190
158.580
158.930
159.310
159.670
160.040
160.410
160.780
161.160
161.530
161.890
162.260
162.630
163.000
163.350
163.720
164.080
164.460
164.810
165.190
165.540
165.910
166.260
166.640
167.010
167.380
167.730
168.110
168.460
168.820
169.190
169.530
169.920
170.270
170.650
171.010
171.390
171.740
172.100
172.470
172.840
173.200
173.550
173.940
174.310
174.670
175.040
175.400
175.770
176.110
176.470
176.830
177.200
177.550
177.930
178.290
178.670
179.020
179.390
179.780
180.140
180.500
180.880
181.260
181.620
181.960
182.310
182.670
183.020
183.370
183.720
184.080
184.430
184.760
185.130
185.490
185.830
186.190
186.550
186.920
187.270
187.610
187.970
188.330
188.690
189.060
189.410
189.770
190.140
190.480
190.840
191.220
191.570
191.900
192.250
192.600
192.970
193.340
193.700
194.070
194.430
194.790
195.150
195.500
195.870
196.250
196.610
196.970
197.320
197.690
198.050
198.410
198.760
199.130
199.480
199.850
200.200
200.570
200.930
201.280
201.640
202.000
202.350
202.690
203.040
203.370
203.720
204.090
204.460
204.820
205.180
205.540
205.880
206.240
206.600
206.950
207.300
207.660
208.020
208.350
208.690
209.030
209.380
209.730
210.080
210.440
210.790
211.150
211.510
211.870
212.230
212.580
212.920
213.290
213.650
213.990
214.330
214.680
215.010
215.360
215.720
216.090
216.450
216.820
217.170
217.520
217.870
218.220
218.570
218.940
219.290
219.640
219.980
220.320
220.670
221.030
221.390
221.760
222.130
222.490
222.850
223.210
223.550
223.910
224.270
224.620
224.990
225.330
225.680
226.030
226.380
226.730
227.100
227.470
227.820
228.170
228.510
228.880
229.240
229.590
229.960
230.310
230.670
231.030
231.380
231.710
232.060
232.420
232.790
233.160
233.520
233.850
234.220
234.550
234.920
235.260
235.610
235.940
236.300
236.620
236.970
237.310
237.650
238.010
238.370
238.750
239.080
239.430
239.790
240.140
240.490
240.830
241.180
241.540
241.900
242.240
242.590
242.930
243.290
243.640
244.000
244.350
244.700
245.050
245.390
245.730
246.080
246.430
246.770
247.130
247.480
247.820
248.180
248.520
248.850
249.200
249.550
249.890
250.250
250.590
250.930
251.260
251.610
251.970
252.330
252.670
253.030
253.370
253.710
254.050
254.390
254.710
255.020
255.350
255.670
255.980
256.300
256.620
256.940
257.260
257.590
257.910
258.220
258.540
258.870
259.180
259.500
259.830
260.140
260.460
