0.360
1.280
2.240
3.200
4.160
5.130
6.100
7.010
7.950
8.880
9.820
10.760
11.640
12.520
13.500
14.400
15.320
16.210
17.130
18.050
18.980
19.860
20.790
21.680
22.640
23.530
24.470
25.380
26.320
27.220
28.150
29.070
29.980
30.860
31.750
32.640
33.550
34.440
35.410
36.330
37.240
38.180
39.140
40.050
41.000
41.950
42.870
43.780
44.670
45.530
46.490
47.360
48.300
49.210
50.140
51.030
51.970
52.860
53.740
54.630
55.570
56.440
56.980
57.460
57.900
58.330
58.770
59.220
59.640
60.080
60.530
60.990
61.430
61.890
62.350
62.790
63.240
63.690
64.130
64.580
65.030
65.490
65.940
66.400
66.850
67.280
67.740
68.220
68.670
69.150
69.630
70.070
70.550
70.990
71.480
71.940
72.400
72.850
73.310
73.770
74.200
74.660
75.100
75.510
75.940
76.360
76.790
77.220
77.650
78.070
78.520
78.940
79.340
79.760
80.200
80.610
81.020
81.460
81.900
82.310
82.720
83.150
83.580
84.000
84.400
84.850
85.290
85.740
86.150
86.600
87.020
87.440
87.890
88.310
88.750
89.160
89.570
89.990
90.420
90.850
91.250
91.670
92.100
92.530
92.920
93.360
93.770
94.190
94.600
95.030
95.460
95.880
96.280
96.710
97.140
97.550
97.960
98.380
98.810
99.260
99.680
100.110
100.530
100.980
101.410
101.860
102.320
102.790
103.260
103.700
104.160
104.610
105.060
105.510
105.970
106.420
106.870
107.320
107.740
108.170
108.590
109.030
109.490
109.940
110.390
110.830
111.300
111.750
112.190
112.650
113.090
113.520
113.970
114.410
114.850
115.290
115.740
116.160
116.600
117.040
117.490
117.940
118.410
118.840
119.310
119.760
120.200
120.640
121.090
121.540
122.000
122.450
122.890
123.350
123.790
124.250
124.680
125.120
125.550
126.010
126.440
126.870
127.300
127.740
128.180
128.610
129.050
129.490
129.930
130.370
130.820
131.280
131.730
132.180
132.610
133.070
133.510
133.980
134.440
134.900
135.340
135.800
136.270
136.730
137.170
137.630
138.080
138.550
138.990
139.460
139.910
140.360
140.820
141.260
141.720
142.200
142.650
143.100
143.550
144.000
144.430
144.880
145.340
145.800
146.250
146.700
147.130
147.550
147.980
148.410
148.870
149.310
149.790
150.230
150.710
151.150
151.610
152.060
152.530
152.970
153.430
153.870
154.330
154.760
155.200
155.630
156.100
156.540
156.980
157.440
157.870
158.310
158.750
159.210
159.670
160.110
160.560
161.000
161.450
161.910
162.370
162.810
163.270
163.720
164.190
164.640
165.110
165.550
166.000
166.440
166.900
167.350
167.800
168.240
168.660
169.080
169.480
169.930
170.370
170.830
171.300
171.750
172.250
172.720
173.240
173.730
174.240
174.710
175.230
175.760
176.250
176.770
177.260
177.760
178.230
178.710
179.180
179.660
180.140
180.640
181.120
181.600
182.080
182.540
