0.450
0.930
1.380
1.850
2.310
2.790
3.230
3.690
4.150
4.620
5.070
5.550
6.010
6.470
6.930
7.380
7.840
8.300
8.770
9.220
9.680
10.140
10.600
11.060
11.520
11.980
12.430
12.890
13.340
13.800
14.250
14.720
15.190
15.640
16.090
16.550
17.000
17.450
17.910
18.370
18.830
19.290
19.750
20.210
20.680
21.140
21.600
22.040
22.510
22.980
23.420
23.880
24.350
24.810
25.260
25.720
26.180
26.650
27.100
27.550
28.010
28.470
28.920
29.380
29.850
30.320
30.780
31.240
31.690
32.130
32.580
33.020
33.470
33.950
34.390
34.860
35.310
35.760
36.200
36.650
37.090
37.550
38.020
38.480
38.930
39.380
39.860
40.310
40.760
41.210
41.670
42.130
42.580
43.020
43.470
43.930
44.380
44.830
45.300
45.750
46.200
46.650
47.110
47.570
48.020
48.470
48.910
49.370
49.820
50.280
50.730
51.200
51.660
52.140
52.620
53.100
53.570
54.060
54.530
54.980
55.450
55.930
56.390
56.840
57.280
57.730
58.170
58.610
59.070
59.540
60.000
60.460
60.930
61.390
61.830
62.290
62.750
63.220
63.660
64.120
64.600
65.040
65.520
65.950
66.410
66.870
67.300
67.760
68.230
68.670
69.130
69.580
70.030
70.480
70.930
71.380
71.850
72.310
72.740
73.200
73.670
74.140
74.590
75.040
75.520
75.970
76.410
76.850
77.320
77.790
78.240
78.710
79.180
79.640
80.100
80.560
81.030
81.490
81.940
82.390
82.870
83.320
83.780
84.230
84.690
85.160
85.620
86.060
86.520
86.980
87.440
87.890
88.340
88.810
89.280
89.720
90.180
90.620
91.070
91.510
91.970
92.430
92.880
93.320
93.760
94.230
94.680
95.110
95.560
96.020
96.480
96.930
97.390
97.840
98.300
98.750
99.200
99.640
100.090
100.550
101.010
101.460
101.900
102.340
102.770
103.210
103.660
104.110
104.570
105.010
105.460
105.920
106.390
106.840
107.290
107.740
108.210
108.650
109.110
109.550
109.990
110.450
110.910
111.360
111.810
112.250
112.700
113.160
113.610
114.060
114.510
114.970
115.430
115.880
116.340
116.780
117.230
117.680
118.140
118.590
119.060
119.500
119.960
120.420
120.880
121.330
121.780
122.240
122.700
123.160
123.610
124.070
124.540
125.020
125.480
125.960
126.420
126.900
127.350
127.830
128.280
128.750
129.190
129.640
130.090
130.530
130.990
131.440
131.920
132.380
132.840
133.300
133.770
134.230
134.680
135.120
135.580
136.050
136.520
136.960
137.430
137.870
138.340
138.770
139.240
139.700
140.160
140.610
141.090
141.540
141.990
142.440
142.900
143.370
143.810
144.270
144.740
145.200
145.650
146.100
146.570
147.030
147.480
147.950
148.400
148.870
149.300
149.770
150.230
150.690
151.140
151.600
152.060
152.520
152.960
153.410
153.860
154.330
154.790
155.240
155.720
156.170
156.630
157.090
157.540
158.020
158.460
158.910
159.380
159.820
160.270
160.720
161.180
161.640
162.090
162.570
163.010
163.460
163.920
164.360
164.820
165.290
165.760
166.210
166.670
167.110
167.540
167.970
168.430
168.890
169.330
169.800
170.250
170.700
171.150
171.600
172.040
172.500
172.940
173.390
173.830
174.290
174.710
175.170
175.610
176.050
176.500
176.950
177.400
177.860
178.310
178.760
179.210
179.660
180.100
180.560
181.010
181.460
181.890
182.340
182.770
183.220
183.660
184.110
184.560
185.020
185.470
185.910
186.350
186.800
187.250
187.700
188.140
188.590
189.000
189.450
189.890
190.320
190.750
191.200
191.640
192.090
192.530
192.990
193.430
193.870
194.330
194.780
195.220
195.680
196.130
196.570
197.050
197.520
197.980
198.460
198.930
199.380
199.860
200.320
200.780
201.250
201.690
202.130
202.570
203.010
203.460
203.940
204.410
204.910
205.370
205.850
206.330
206.810
