0.140
0.450
0.760
1.070
1.380
1.690
1.990
2.300
2.610
2.960
3.320
3.660
4.020
4.360
4.700
5.060
5.430
5.790
6.120
6.480
6.820
7.180
7.520
7.860
8.220
8.560
8.880
9.240
9.590
9.940
10.290
10.630
10.970
11.320
11.640
11.990
12.360
12.710
13.040
13.400
13.760
14.090
14.450
14.810
15.140
15.490
15.850
16.180
16.530
16.870
17.200
17.550
17.910
18.250
18.590
18.950
19.270
19.630
19.990
20.320
20.680
21.030
21.350
21.710
22.060
22.400
22.750
23.110
23.450
23.790
24.150
24.490
24.850
25.210
25.540
25.890
26.260
26.610
26.960
27.300
27.640
27.980
28.320
28.650
28.960
29.280
29.610
29.950
30.270
30.590
30.920
31.250
31.570
31.890
32.220
32.550
32.870
33.200
33.520
33.850
34.190
34.540
34.910
35.260
35.620
35.990
36.360
36.720
37.080
37.400
37.750
38.100
38.450
38.790
39.130
39.490
39.830
40.180
40.540
40.870
41.220
41.570
41.900
42.250
42.600
42.940
43.300
43.640
43.960
44.300
44.670
45.020
45.370
45.720
46.050
46.400
46.770
47.100
47.470
47.820
48.140
48.500
48.840
49.170
49.520
49.850
50.180
50.530
50.890
51.240
51.580
51.930
52.250
52.610
52.970
53.320
53.670
54.000
54.350
54.700
55.070
55.410
55.770
56.110
56.440
56.780
57.150
57.490
57.850
58.190
58.530
58.880
59.250
59.590
59.940
60.300
60.620
60.970
61.300
61.630
61.950
62.280
62.610
62.940
63.270
63.600
63.920
64.250
64.570
64.890
65.210
65.520
65.850
66.160
66.480
66.800
67.130
67.440
67.740
68.050
68.370
68.690
69.040
69.380
69.710
70.060
70.400
70.740
71.100
71.430
71.780
72.120
72.460
72.800
73.140
73.480
73.840
74.180
74.520
74.870
75.220
75.560
75.900
76.250
76.580
76.930
77.270
77.610
77.980
78.310
78.660
78.990
79.350
79.700
80.040
80.380
80.740
81.080
81.400
81.750
82.100
82.440
82.790
83.130
83.470
83.810
84.170
84.510
84.830
85.180
85.540
85.880
86.220
86.560
86.900
87.240
87.580
87.920
88.270
88.620
88.960
89.310
89.680
90.000
90.360
90.680
91.020
91.360
91.710
92.040
92.400
92.720
93.060
93.420
93.760
94.100
94.450
94.780
95.110
95.450
95.790
96.100
96.440
96.790
97.120
97.460
97.810
98.130
98.470
98.810
99.170
99.490
99.830
100.180
100.550
100.920
101.310
101.670
102.050
102.410
102.750
103.110
103.450
103.810
104.180
104.540
104.890
105.270
105.600
105.960
106.290
106.630
106.990
107.330
107.670
108.030
108.390
108.720
109.090
109.430
109.770
110.120
110.500
110.850
111.200
111.560
111.890
112.240
112.610
112.940
113.300
113.640
113.990
114.350
114.730
115.060
115.420
115.740
116.080
116.440
116.770
117.120
117.470
117.820
118.160
118.530
118.890
119.250
119.600
119.960
120.290
120.650
121.020
121.370
121.720
122.080
122.410
122.760
123.130
123.470
123.830
124.190
124.530
124.890
125.270
125.600
125.950
126.300
126.640
126.980
127.330
127.650
127.970
128.300
128.630
128.960
129.300
129.630
129.970
130.290
130.620
130.950
131.280
131.610
131.930
132.270
132.590
132.910
133.240
133.560
133.870
134.190
134.520
134.850
135.200
135.550
135.890
136.240
136.580
136.930
137.280
137.630
137.980
138.310
138.640
138.980
139.330
139.680
140.030
140.390
140.720
141.060
141.410
141.760
142.110
142.450
142.790
143.140
143.490
143.830
144.180
144.520
144.870
145.210
145.560
145.910
146.250
146.590
146.920
147.270
147.610
147.960
148.300
148.650
148.980
149.330
149.670
150.010
150.360
150.680
151.020
151.360
151.700
152.040
152.390
152.740
153.080
153.420
153.770
154.110
154.460
154.800
155.140
155.490
155.820
156.150
156.510
156.860
157.200
157.550
157.890
158.240
158.580
158.920
159.270
159.620
159.960
160.290
160.630
160.970
161.290
161.630
161.970
162.290
162.640
162.980
163.310
163.660
163.990
164.340
164.680
164.990
165.320
165.640
165.980
166.330
166.670
166.990
167.360
167.710
168.050
168.410
168.740
169.110
169.470
169.820
170.190
170.560
170.890
171.250
171.600
171.940
172.300
172.660
173.000
173.360
173.700
174.050
174.400
174.750
175.100
175.440
175.800
176.120
176.480
176.840
177.180
177.540
177.890
178.220
178.580
178.930
179.280
179.640
179.990
180.320
180.690
181.050
181.400
181.740
182.110
182.440
182.800
183.160
183.500
183.840
184.210
184.540
184.890
185.260
185.590
185.950
186.320
186.670
187.030
187.410
187.750
188.100
188.440
188.770
189.130
189.470
189.810
190.160
190.530
190.860
191.210
191.570
191.920
192.270
192.630
192.960
193.290
193.630
193.960
194.290
194.630
194.950
195.300
195.630
195.970
196.330
196.640
196.970
197.310
197.630
197.970
198.290
198.610
198.930
199.240
199.530
199.830
200.140
200.430
200.730
201.040
201.340
201.630
201.940
202.250
202.560
202.860
203.170
203.470
203.770
204.070
204.370
204.660
204.960
205.260
205.560
205.860
206.160
206.470
