0.430
1.040
1.670
2.280
2.940
3.550
4.160
4.780
5.420
6.060
6.700
7.360
7.980
8.630
9.270
9.910
10.560
11.220
11.880
12.540
13.190
13.870
14.530
15.190
15.850
16.510
17.170
17.820
18.470
19.150
19.790
20.440
21.090
21.740
22.400
23.060
23.710
24.380
25.030
25.690
26.350
27.000
27.680
28.340
28.980
29.660
30.300
30.940
31.600
32.220
32.870
33.540
34.170
34.830
35.520
36.190
36.850
37.510
38.160
38.810
39.490
40.120
40.770
41.430
42.070
42.730
43.380
44.020
44.660
45.320
45.960
46.600
47.250
47.940
48.570
49.220
49.880
50.520
51.170
51.810
52.460
53.110
53.770
54.440
55.100
55.760
56.420
57.070
57.730
58.410
59.070
59.730
60.380
61.050
61.700
62.330
62.980
63.640
64.300
64.960
65.590
66.260
66.920
67.590
68.230
68.900
69.560
70.190
70.830
71.490
72.110
72.740
73.400
74.060
74.720
75.380
76.020
76.670
77.340
78.000
78.680
79.300
79.960
80.600
81.240
81.900
82.570
83.210
83.840
84.510
85.150
85.780
86.430
87.100
87.740
88.380
89.030
89.710
90.340
90.990
91.630
92.280
92.930
93.560
94.230
94.890
95.540
96.170
96.810
97.450
98.090
98.740
99.390
100.040
100.690
101.320
101.960
102.600
103.240
103.870
104.520
105.180
105.830
106.460
107.100
107.750
108.380
109.010
109.660
110.290
110.940
111.580
112.230
112.870
113.490
114.120
114.780
115.430
116.100
116.750
117.390
118.060
118.710
119.370
120.020
120.690
121.330
121.990
122.620
123.290
123.910
124.580
125.220
125.880
126.520
127.180
127.820
128.490
129.140
129.790
130.420
131.090
131.740
132.380
133.020
133.690
134.340
134.990
135.620
136.260
136.930
137.560
138.230
138.890
139.530
140.200
140.870
141.520
142.200
142.860
143.510
144.120
144.780
145.410
146.050
146.700
147.350
147.990
148.630
149.300
149.950
150.570
151.220
151.880
152.510
153.170
153.810
154.440
155.070
155.690
156.310
156.980
157.630
158.250
158.880
159.500
160.140
160.770
161.400
162.060
162.700
163.360
164.000
164.670
165.310
165.960
166.630
167.310
167.960
168.630
169.300
169.910
170.580
