0.090
0.450
0.810
1.180
1.560
1.930
2.310
2.680
3.050
3.390
3.760
4.120
4.490
4.850
5.210
5.590
5.970
6.340
6.700
7.080
7.470
7.840
8.230
8.590
8.970
9.350
9.740
10.110
10.530
10.990
11.470
11.920
12.370
12.850
13.290
13.780
14.330
14.850
15.410
15.960
16.500
17.020
17.540
18.040
18.560
19.110
19.640
20.150
20.700
21.220
21.710
22.250
22.750
23.280
23.800
24.330
24.860
25.380
25.890
26.400
26.920
27.470
27.990
28.540
29.070
29.590
30.120
30.660
31.160
31.700
32.220
32.770
33.300
33.850
34.370
34.900
35.400
35.890
36.370
36.900
37.400
37.920
38.440
38.960
39.470
39.980
40.480
41.020
41.530
42.030
42.540
43.080
43.610
44.120
44.620
45.150
45.670
46.180
46.680
47.200
47.700
48.200
48.710
49.230
49.750
50.270
50.770
51.290
51.800
52.310
52.820
53.310
53.840
54.330
54.850
55.360
55.820
56.300
56.780
57.270
57.780
58.260
58.790
59.290
59.760
60.270
60.730
61.210
61.700
62.190
62.730
63.220
63.730
64.230
64.770
65.280
65.770
66.310
66.810
67.330
67.850
68.370
68.850
69.350
69.860
70.370
70.900
71.430
71.910
72.430
72.950
73.440
73.930
74.460
74.980
75.510
76.000
76.530
77.050
77.550
78.040
78.580
79.090
79.600
80.100
80.630
81.120
81.650
82.150
82.660
83.180
83.700
84.220
84.730
85.250
85.760
86.270
86.740
87.230
87.750
88.250
88.770
89.270
89.800
90.280
90.800
91.310
91.830
92.350
92.850
93.350
93.870
94.400
94.890
95.370
95.900
96.430
96.940
97.440
97.970
98.470
98.970
99.500
100.010
100.520
101.030
101.530
102.040
102.570
103.100
103.590
104.070
104.570
105.070
105.600
106.100
106.570
107.090
107.570
108.060
108.550
109.070
109.590
110.100
110.560
111.070
111.560
112.060
112.550
113.060
113.580
114.070
114.590
115.090
115.630
116.170
116.730
117.200
117.610
118.040
118.470
118.890
119.300
119.730
120.140
120.560
120.990
121.410
121.820
122.220
122.640
123.060
123.470
123.870
124.270
124.690
125.110
125.530
125.970
126.360
126.770
127.180
127.610
128.020
128.420
128.830
129.260
129.670
130.090
130.510
130.920
131.310
131.720
132.150
132.550
132.960
133.370
133.770
134.190
134.600
135.010
135.430
135.830
136.230
136.640
137.050
137.480
137.890
138.290
138.720
139.140
139.550
139.960
140.400
140.970
141.530
142.140
142.720
143.340
143.930
144.530
145.140
145.680
146.250
146.810
147.370
147.930
148.490
149.030
149.580
150.140
150.690
151.230
151.770
152.300
152.820
153.370
153.910
154.440
154.980
155.530
156.060
156.590
157.150
157.680
158.220
158.770
159.310
159.840
160.380
160.920
161.420
161.980
162.500
163.030
163.580
164.110
164.630
165.180
165.720
166.250
166.780
167.260
167.780
168.310
168.860
169.380
169.920
170.460
171.000
171.500
172.050
172.570
173.140
173.670
174.200
174.740
175.290
175.810
176.350
176.880
177.420
177.950
178.480
179.010
179.540
180.070
180.610
181.140
181.670
182.210
182.740
183.250
183.790
184.340
184.860
185.350
185.860
186.390
186.920
187.440
187.920
188.450
188.940
189.440
189.940
190.470
190.990
191.500
192.000
192.490
192.970
193.460
193.970
194.480
195.020
195.520
196.040
196.530
196.950
197.390
197.840
198.270
198.730
199.150
199.570
200.000
200.400
200.810
201.220
201.620
202.060
202.480
202.900
203.300
203.720
204.140
204.570
204.980
205.370
205.780
206.200
206.600
207.020
207.430
207.840
208.240
208.660
209.060
209.490
209.910
210.310
210.730
211.170
211.570
212.000
212.410
212.820
213.220
213.660
214.060
214.480
214.900
215.330
215.730
216.150
216.560
216.950
217.380
217.790
218.180
218.610
219.020
219.450
219.870
220.270
220.670
221.080
221.510
221.950
222.420
222.870
223.300
223.750
224.220
224.660
225.130
225.650
226.130
226.660
227.170
227.680
228.200
228.720
229.240
229.740
230.270
230.800
231.310
231.840
232.360
232.890
233.400
233.910
234.440
234.960
235.480
236.000
236.520
237.010
237.520
238.050
238.570
239.090
239.620
240.130
240.620
241.140
241.660
242.150
242.670
243.190
243.720
244.230
244.750
245.250
245.760
246.260
246.740
247.200
247.700
248.230
248.740
249.260
249.750
250.270
250.770
251.310
251.820
252.350
252.840
253.380
253.890
254.410
254.900
255.440
255.950
256.470
256.990
257.510
258.000
258.530
259.020
259.540
260.080
260.600
261.130
261.630
262.150
262.660
263.190
263.700
264.190
264.720
265.240
265.750
266.280
266.770
267.260
267.780
268.260
268.780
269.290
269.810
270.310
270.790
271.300
271.760
272.260
272.790
273.290
273.810
274.320
274.830
275.290
275.730
276.190
276.640
277.070
277.480
277.910
278.340
278.790
279.190
279.590
280.020
280.420
280.820
281.250
281.660
282.070
282.490
282.910
283.320
283.720
284.120
284.530
284.950
285.360
285.770
286.190
286.600
287.000
287.410
287.830
288.240
288.650
289.060
289.490
289.910
290.340
290.730
291.160
291.570
291.980
292.390
292.820
293.230
293.660
294.060
294.480
294.900
295.310
295.720
296.130
296.520
296.940
297.370
297.790
298.200
298.620
299.040
299.440
299.850
300.290
300.700
301.120
301.540
301.960
302.390
302.820
303.250
303.660
304.080
304.510
304.930
305.350
305.760
306.190
306.590
307.010
307.450
307.860
308.270
308.670
309.080
309.490
309.920
310.340
310.740
311.150
311.570
311.980
312.390
312.810
313.230
313.650
314.060
314.470
314.890
315.310
315.740
316.170
316.580
316.990
317.420
317.830
318.230
318.610
319.020
319.430
319.860
320.270
320.680
321.090
321.480
321.890
322.300
322.740
323.150
323.580
323.980
324.400
324.820
325.260
325.680
326.090
326.500
326.920
327.340
327.760
328.160
328.600
329.000
329.420
329.840
330.260
330.690
331.080
331.490
331.910
332.330
332.750
333.170
333.590
333.980
334.410
334.820
335.270
335.690
336.120
336.520
336.950
337.380
337.800
338.220
338.630
339.040
339.460
339.900
340.300
340.730
341.160
341.560
341.980
342.400
342.820
343.240
343.660
344.060
344.470
344.890
345.330
345.750
346.150
346.550
346.980
347.410
347.850
348.290
348.720
349.150
349.560
349.980
350.400
350.820
351.270
351.680
352.110
352.550
352.970
353.390
353.820
354.230
354.640
355.040
355.450
355.870
356.280
356.680
357.090
357.490
357.890
358.280
358.690
359.110
359.530
359.950
360.380
360.800
361.220
361.620
362.050
362.470
362.880
363.310
363.740
364.160
364.580
364.990
365.420
365.850
366.270
366.680
367.080
367.490
367.910
368.310
368.720
369.140
369.550
369.990
370.410
370.820
371.240
371.650
372.070
372.490
372.910
373.340
373.740
374.140
374.570
375.000
375.430
375.870
376.290
376.730
377.150
377.590
378.030
378.460
378.880
379.290
379.700
380.130
380.550
380.970
381.400
381.830
382.240
382.680
383.100
383.530
383.950
384.370
384.790
385.230
385.650
386.070
386.470
386.890
387.310
387.760
388.190
388.620
389.020
389.420
389.840
390.290
390.710
391.170
391.590
392.010
392.450
392.880
393.290
393.720
394.130
394.550
394.980
395.410
395.830
396.250
396.640
397.060
397.480
397.920
398.340
398.760
399.160
399.560
400.000
400.410
400.830
401.260
401.670
402.090
402.500
402.950
403.360
403.810
404.220
404.640
405.060
405.490
405.910
406.340
406.750
407.140
407.570
408.000
408.420
408.840
409.250
409.670
410.090
410.540
410.960
411.400
411.800
412.220
412.650
413.100
413.510
413.950
414.370
414.800
415.230
415.670
416.100
416.540
416.970
417.380
417.800
418.230
418.670
419.090
419.520
419.950
420.380
420.820
421.230
421.660
422.110
422.520
422.950
423.380
423.810
424.240
424.660
425.060
425.490
425.920
426.350
426.800
427.210
427.620
428.040
428.490
428.910
429.350
429.770
430.170
430.580
431.010
431.410
431.830
432.230
432.640
433.060
433.510
433.930
434.360
434.790
435.210
435.640
436.060
436.500
436.930
437.360
437.790
438.200
438.630
439.050
439.480
439.880
440.310
440.730
441.180
441.590
442.030
442.460
442.870
443.280
443.730
444.160
444.590
444.990
445.390
445.800
446.240
446.660
447.100
447.520
447.960
448.370
448.790
449.220
449.630
450.060
450.460
450.880
451.330
451.750
452.190
452.620
453.040
453.470
453.900
454.340
454.790
455.220
455.640
456.060
456.500
456.930
457.350
457.790
458.210
458.620
459.060
459.480
459.920
460.340
460.740
461.160
461.590
462.010
462.460
462.870
463.290
463.720
464.120
464.540
465.000
465.420
465.860
466.300
466.740
