0.390
0.860
1.340
1.780
2.250
2.710
3.180
3.660
4.120
4.580
5.040
5.490
5.940
6.410
6.870
7.330
7.800
8.260
8.720
9.170
9.630
10.090
10.560
11.010
11.470
11.940
12.380
12.850
13.310
13.780
14.260
14.730
15.180
15.650
16.120
16.580
17.030
17.460
17.920
18.390
18.840
19.290
19.750
20.210
20.680
21.120
21.580
22.040
22.470
22.930
23.370
23.850
24.310
24.770
25.230
25.680
26.110
26.580
27.040
27.510
27.990
28.450
28.920
29.380
29.860
30.310
30.780
31.230
31.710
32.160
32.630
33.090
33.550
34.010
34.500
34.950
35.440
35.900
36.380
36.830
37.310
37.770
38.250
38.710
39.180
39.640
40.100
40.560
41.040
41.510
41.970
42.450
42.930
43.380
43.860
44.310
44.770
45.220
45.710
46.190
46.660
47.130
47.600
48.070
48.520
48.990
49.440
49.910
50.390
50.850
51.320
51.780
52.230
52.700
53.170
53.630
54.100
54.570
55.030
55.500
55.980
56.430
56.890
57.340
57.820
58.280
58.730
59.180
59.660
60.110
60.580
61.040
61.520
61.980
62.460
62.920
63.390
63.860
64.330
64.770
65.260
65.720
66.190
66.650
67.120
67.590
68.080
68.550
69.020
69.480
69.960
70.430
70.900
71.370
71.840
72.300
72.770
73.230
73.720
74.170
74.660
75.130
75.620
76.090
76.550
77.000
77.490
77.950
78.430
78.880
79.360
79.820
80.280
80.750
81.230
81.690
82.150
82.610
83.060
83.540
84.000
84.460
84.940
85.400
85.850
86.310
86.770
87.240
87.740
88.190
88.680
89.130
89.600
90.050
90.500
90.970
91.430
91.860
92.320
92.780
93.220
93.700
94.140
94.600
95.040
95.490
95.950
96.380
96.830
97.300
97.730
98.190
98.670
99.120
99.580
100.030
100.490
100.940
101.380
101.830
102.270
102.730
103.190
103.620
104.080
104.560
105.000
105.480
105.920
106.380
106.830
107.260
107.700
108.140
108.600
109.060
109.500
109.950
110.430
110.870
111.350
111.800
112.250
112.700
113.140
113.580
114.010
114.470
114.930
115.370
115.820
116.300
116.750
117.220
117.690
118.140
118.590
119.030
119.450
119.880
120.330
120.790
121.230
121.690
122.150
122.590
123.070
123.530
123.990
124.440
124.890
125.370
125.810
126.260
126.720
127.160
127.620
128.060
128.510
128.970
129.400
129.860
130.320
130.750
131.240
131.690
132.190
132.650
133.130
133.600
134.060
134.500
134.980
135.440
135.920
136.390
136.860
137.310
137.770
138.230
138.690
139.150
139.630
140.100
140.580
141.040
141.520
141.990
142.460
142.920
143.390
143.860
144.310
144.770
145.240
145.700
146.180
146.640
147.120
147.590
148.070
148.540
149.010
149.460
149.940
150.410
150.890
151.360
151.830
152.300
152.760
153.210
153.670
154.130
154.610
155.080
155.550
156.000
156.460
156.930
157.400
157.850
158.300
158.770
159.220
159.690
160.170
160.620
161.090
161.570
162.030
162.480
162.960
163.410
163.890
164.360
164.810
165.270
165.740
166.180
166.670
167.140
167.630
168.110
168.570
169.030
169.470
169.930
170.410
170.870
171.320
171.800
172.260
172.720
173.210
173.660
174.150
174.600
175.050
175.510
175.980
176.440
176.900
177.370
177.820
178.290
178.750
179.240
179.720
180.200
180.690
181.140
181.610
182.060
182.510
182.970
183.450
183.890
184.350
184.810
185.290
