0.400
1.170
1.960
2.740
3.520
4.290
5.040
5.810
6.610
7.360
8.130
8.890
9.670
10.430
11.200
11.980
12.750
13.500
14.260
15.020
15.800
16.540
17.300
18.060
18.830
19.580
20.320
21.060
21.840
22.580
23.340
24.110
24.860
25.590
26.370
27.120
27.880
28.620
29.390
30.170
30.920
31.680
32.420
33.170
33.970
34.710
35.460
36.210
36.980
37.700
38.450
39.210
39.980
40.710
41.460
42.230
42.950
43.690
44.440
45.220
45.980
46.750
47.490
48.230
48.980
49.750
50.500
51.240
51.980
52.740
53.460
54.220
54.980
55.730
56.470
57.220
57.990
58.690
59.440
60.220
60.930
61.710
62.470
63.190
63.960
64.710
65.430
66.200
66.950
67.690
68.430
69.170
69.920
70.640
71.390
72.150
72.890
73.640
74.340
75.100
75.870
76.610
77.350
78.070
78.820
79.540
80.280
81.070
81.810
82.550
83.320
84.030
84.820
85.550
86.310
87.080
87.850
88.580
89.310
90.100
90.840
91.590
92.320
93.070
93.820
94.570
95.350
96.080
96.820
97.570
98.290
99.030
99.800
100.530
101.270
102.050
102.780
103.530
104.300
105.000
105.750
106.500
107.260
107.980
108.710
109.460
110.210
110.920
111.670
112.420
113.150
113.910
114.650
115.390
116.120
116.850
117.600
118.330
119.100
119.790
120.560
121.270
122.000
122.740
123.480
124.220
124.970
125.710
126.430
127.160
127.910
128.650
129.370
130.100
130.840
131.580
132.280
133.020
133.750
134.490
135.220
135.950
136.670
137.410
138.170
138.890
139.590
140.330
141.090
141.800
142.530
143.250
143.980
144.680
145.410
146.150
146.860
147.600
148.310
149.020
149.760
150.490
151.220
151.960
152.690
153.410
154.120
154.890
155.620
156.320
157.070
157.790
158.540
159.230
160.010
160.840
161.590
162.420
163.180
163.990
164.750
