0.190
0.570
0.920
1.270
1.640
2.030
2.390
2.760
3.120
3.510
3.860
4.210
4.580
4.940
5.320
5.680
6.040
6.410
6.780
7.130
7.500
7.870
8.230
8.580
8.930
9.310
9.670
10.030
10.400
10.760
11.140
11.490
11.840
12.220
12.580
12.930
13.300
13.650
14.010
14.380
14.720
15.060
15.430
15.770
16.140
16.500
16.860
17.230
17.580
17.940
18.330
18.680
19.070
19.420
19.780
20.140
20.500
20.860
21.220
21.580
21.910
22.260
22.620
22.980
23.360
23.720
24.090
24.440
24.810
25.180
25.560
25.920
26.270
26.650
27.010
27.380
27.750
28.120
28.480
28.840
29.210
29.600
29.960
30.300
30.660
31.020
31.410
31.780
32.130
32.510
32.880
33.250
33.610
34.000
34.350
34.710
35.080
35.450
35.800
36.160
36.530
36.870
37.250
37.610
37.950
38.340
38.700
39.060
39.430
39.790
40.150
40.510
40.860
41.240
41.610
41.970
42.350
42.710
43.060
43.430
43.770
44.130
44.500
44.860
45.220
45.580
45.940
46.290
46.660
47.010
47.390
47.760
48.120
48.480
48.860
49.200
49.580
49.930
50.280
50.640
51.020
51.390
51.760
52.130
52.500
52.860
53.250
53.600
53.960
54.340
54.700
55.060
55.400
55.760
56.130
56.500
56.860
57.230
57.600
57.950
58.330
58.710
59.070
59.410
59.770
60.130
60.500
60.870
61.220
61.590
61.950
62.320
62.690
63.070
63.440
63.820
64.190
64.550
64.930
65.280
65.670
66.030
66.380
66.740
67.090
67.450
67.790
68.150
68.500
68.840
69.190
69.510
69.870
70.220
70.600
70.940
71.290
71.630
71.980
72.330
72.670
73.010
73.370
73.710
74.040
74.380
74.720
75.060
75.400
75.750
76.080
76.430
76.760
77.100
77.440
77.780
78.110
78.460
78.780
79.110
79.440
79.770
80.110
80.430
80.750
81.100
81.450
81.790
82.150
82.470
82.830
83.160
83.500
83.840
84.210
84.550
84.890
85.230
85.570
85.910
86.250
86.600
86.950
87.280
87.630
87.960
88.300
88.640
88.980
89.320
89.650
89.990
90.310
90.640
90.980
91.330
91.660
92.000
92.350
92.700
93.020
93.370
93.740
94.090
94.430
94.770
95.130
95.470
95.820
96.140
96.510
96.850
97.190
97.540
97.880
98.210
98.570
98.900
99.260
99.600
99.940
100.310
100.650
100.980
101.310
101.660
102.010
102.350
102.670
103.010
103.360
103.690
104.040
104.370
104.730
105.060
105.390
105.750
106.070
106.390
106.720
107.070
107.410
107.760
108.090
108.430
108.770
109.090
109.440
109.750
110.100
110.450
110.780
111.130
111.460
111.800
112.150
112.480
112.830
113.160
113.490
113.840
114.190
114.520
114.870
115.190
115.560
115.910
116.240
116.590
116.930
117.250
117.580
117.920
118.270
118.600
118.930
119.280
119.620
119.960
120.280
120.630
120.960
121.280
121.620
121.960
122.300
122.630
122.970
123.310
123.660
124.010
124.340
124.690
125.030
125.360
125.680
126.010
126.360
126.680
127.020
127.360
127.710
128.030
128.350
128.690
129.040
129.360
129.700
130.050
130.400
130.730
131.060
131.380
131.720
132.050
132.370
132.710
133.050
133.380
133.710
134.020
134.350
134.670
135.010
135.330
135.670
136.000
136.330
136.640
136.980
137.300
137.630
137.960
138.270
138.600
138.910
139.260
139.590
139.920
140.230
140.560
140.900
141.220
141.550
141.890
142.230
142.540
142.870
143.200
143.530
143.860
144.180
144.490
144.820
145.130
145.450
145.770
146.120
146.450
146.780
147.110
147.420
147.750
148.080
148.420
148.770
149.120
149.440
149.790
150.120
150.470
150.790
151.120
151.450
151.780
152.100
152.410
152.740
153.070
153.400
153.740
154.070
154.380
154.720
155.040
155.370
155.710
156.030
156.380
156.710
157.040
157.370
157.680
158.020
158.350
158.670
159.030
159.360
159.690
160.040
160.360
160.690
161.020
161.350
161.690
162.020
162.340
162.670
163.000
163.330
163.660
164.000
164.320
164.650
164.990
165.300
165.620
165.950
166.290
166.610
166.950
167.260
167.590
167.920
168.270
168.600
168.920
169.270
169.600
169.940
170.280
170.600
170.930
171.260
171.600
171.910
172.230
172.550
172.870
173.200
173.540
173.870
174.200
174.530
174.860
175.200
175.530
175.860
176.190
176.510
176.840
177.170
177.480
177.800
178.120
178.450
178.790
179.130
179.450
179.780
180.110
180.440
180.770
181.090
181.430
181.760
182.080
182.410
182.750
183.090
183.420
183.760
184.100
184.430
184.750
185.080
185.420
185.740
186.080
186.390
186.720
187.040
187.360
187.690
188.000
188.340
188.660
188.990
189.320
189.640
189.960
190.290
190.610
190.940
191.280
191.600
191.930
192.250
192.570
192.900
193.210
193.540
193.860
194.180
194.510
194.840
195.160
195.490
195.810
196.130
196.460
196.770
197.090
197.420
197.730
198.050
198.370
198.700
199.030
199.340
199.690
200.010
200.320
200.650
200.960
201.280
201.600
201.920
202.240
202.560
202.870
203.190
203.500
203.810
204.120
204.430
204.760
205.080
205.400
205.720
206.030
206.350
206.680
207.000
207.320
207.630
207.950
208.260
208.560
208.880
209.180
209.490
209.810
210.110
210.430
210.740
211.040
211.360
211.670
212.000
212.320
212.640
212.960
213.260
213.570
213.880
214.190
214.500
214.820
215.120
215.440
215.750
216.060
216.360
216.670
216.990
217.300
217.610
217.920
218.230
218.530
218.850
219.150
219.470
219.770
220.080
220.400
220.710
221.010
221.340
221.650
221.970
222.300
222.610
222.930
223.220
223.520
223.820
224.120
224.440
224.740
225.050
225.370
225.680
225.990
226.300
226.600
226.920
227.230
227.540
227.850
228.160
228.460
228.780
229.080
229.400
229.710
230.020
230.330
230.630
230.940
231.250
231.570
231.880
232.190
232.500
232.810
233.110
233.400
233.700
234.000
234.300
234.610
234.910
235.210
235.510
235.800
236.100
236.410
236.710
237.000
237.300
237.620
237.930
238.240
238.550
238.850
239.160
239.480
239.810
240.130
240.440
240.760
241.080
241.410
241.730
242.040
242.370
