0.200
0.600
1.000
1.430
1.840
2.240
2.660
3.040
3.450
3.850
4.240
4.640
5.060
5.440
5.850
6.230
6.620
7.020
7.390
7.800
8.230
8.630
9.050
9.440
9.860
10.260
10.640
11.050
11.480
11.880
12.280
12.670
13.090
13.490
13.890
14.300
14.730
15.140
15.540
15.940
16.360
16.760
17.170
17.570
17.980
18.370
18.790
19.170
19.590
19.970
20.390
20.770
21.190
21.580
21.980
22.370
22.790
23.180
23.570
23.970
24.400
24.800
25.210
25.610
26.000
26.410
26.800
27.200
27.610
28.000
28.400
28.780
29.200
29.580
29.990
30.380
30.800
31.180
31.590
31.970
32.370
32.770
33.170
33.550
33.960
34.350
34.750
35.120
35.510
35.910
36.300
36.700
37.130
37.530
37.940
38.320
38.730
39.140
39.520
39.920
40.340
40.730
41.120
41.520
41.930
42.320
42.730
43.120
43.540
43.940
44.340
44.730
45.130
45.500
45.900
46.290
46.680
47.090
47.480
47.870
48.280
48.670
49.070
49.470
49.890
50.290
50.670
51.070
51.490
51.890
52.290
52.670
53.070
53.470
53.880
54.270
54.640
55.050
55.420
55.810
56.220
56.600
57.000
57.390
57.770
58.160
58.550
58.940
59.340
59.740
60.120
60.540
60.920
61.330
61.720
62.120
62.530
62.920
63.310
63.720
64.090
64.490
64.880
65.280
65.690
66.100
66.500
66.880
67.290
67.690
68.080
68.480
68.880
69.290
69.690
70.070
70.450
70.840
71.240
71.630
72.050
72.450
72.850
73.240
73.630
74.040
74.430
74.830
75.240
75.630
76.030
76.420
76.810
77.210
77.620
78.020
78.450
78.860
79.260
79.640
80.040
80.430
80.830
81.210
81.620
82.010
82.380
82.770
83.180
83.580
83.960
84.360
84.780
85.160
85.570
85.970
86.380
86.760
87.160
87.560
87.970
88.380
88.770
89.160
89.550
89.930
90.320
90.710
91.130
91.530
91.910
92.320
92.750
93.150
93.550
93.960
94.380
94.790
95.190
95.570
95.980
96.380
96.770
97.170
97.590
98.010
98.390
98.790
99.210
99.610
100.010
100.420
100.840
101.230
101.630
102.010
102.400
102.780
103.180
103.580
103.980
104.400
104.800
105.170
105.580
105.960
106.360
106.770
107.180
107.580
107.970
108.380
108.760
109.170
109.570
109.970
110.400
110.810
111.220
111.600
112.010
112.400
112.810
113.190
113.600
113.990
114.360
114.750
115.160
115.550
115.950
116.340
116.760
117.150
117.540
117.940
118.360
118.760
119.150
119.550
119.950
120.370
120.770
121.170
121.560
121.970
122.360
122.770
123.180
123.580
123.960
124.360
124.770
125.160
125.560
125.950
126.340
126.740
127.130
127.530
127.910
128.300
128.690
129.090
129.510
129.900
130.310
130.690
131.100
131.510
131.900
132.300
132.730
133.110
133.510
133.920
134.310
134.710
135.110
135.510
135.930
136.330
136.710
137.120
137.510
137.900
138.290
138.690
139.110
139.500
139.910
140.290
140.690
141.090
141.500
141.910
142.290
142.700
143.110
143.510
143.910
144.330
144.720
145.140
145.560
145.950
