0.330
1.030
1.720
2.390
3.010
3.650
4.290
4.910
5.550
6.180
6.790
7.430
8.040
8.660
9.260
9.860
10.470
11.080
11.690
12.290
12.910
13.490
14.100
14.700
15.310
15.890
16.480
17.070
17.680
18.280
18.880
19.480
20.080
20.660
21.240
21.840
22.450
23.030
23.640
24.250
24.850
25.440
26.040
26.650
27.240
27.840
28.420
29.020
29.630
30.210
30.810
31.410
32.010
32.610
33.200
33.790
34.390
34.970
35.560
36.150
36.750
37.360
37.940
38.560
39.160
39.750
40.350
40.950
41.530
42.140
42.740
43.330
43.930
44.530
45.140
45.730
46.310
46.910
47.510
48.100
48.700
49.260
49.840
50.440
51.040
51.610
52.210
52.800
53.390
53.940
54.520
55.110
55.700
56.290
56.880
57.480
58.060
58.650
59.250
59.850
60.440
61.060
61.660
62.260
62.870
63.470
64.070
64.670
65.280
65.880
