0.200
0.620
1.010
1.420
1.810
2.200
2.570
2.940
3.320
3.720
4.090
4.480
4.860
5.230
5.580
5.940
6.310
6.680
7.030
7.390
7.750
8.110
8.460
8.820
9.190
9.550
9.900
10.260
10.620
10.970
11.300
11.660
12.020
12.380
12.740
13.090
13.460
13.810
14.170
14.520
14.880
15.260
15.610
15.980
16.340
16.690
17.050
17.410
17.770
18.130
18.490
18.850
19.210
19.560
19.890
20.250
20.620
20.990
21.380
21.750
22.120
22.490
22.850
23.210
23.580
23.980
24.340
24.740
25.110
25.470
25.840
26.200
26.550
26.930
27.280
27.650
28.010
28.350
28.720
29.090
29.430
29.810
30.150
30.510
30.880
31.230
31.560
31.910
32.290
32.650
33.010
33.370
33.730
34.090
34.430
34.790
35.160
35.520
35.870
36.230
36.600
36.940
37.280
37.640
38.010
38.380
38.740
39.100
39.460
39.800
40.160
40.530
40.890
41.290
41.670
42.050
42.430
42.790
43.170
43.550
43.950
44.370
44.770
45.170
45.550
45.920
46.280
46.630
46.990
47.350
47.710
48.070
48.440
48.790
49.140
49.500
49.860
50.230
50.580
50.940
51.300
51.660
52.010
52.360
52.720
53.090
53.450
53.820
54.170
54.530
54.880
55.240
55.600
55.980
56.350
56.710
57.070
57.430
57.780
58.140
58.490
58.870
59.230
59.570
59.940
60.300
60.650
61.010
61.370
61.750
62.100
62.470
62.820
63.170
63.540
63.890
64.260
64.620
64.990
65.370
65.720
66.080
66.440
66.790
67.160
67.530
67.900
68.250
68.630
68.970
69.330
69.690
70.050
70.420
70.770
71.130
71.500
71.860
72.210
72.570
