0.200
0.550
0.920
1.280
1.640
2.000
2.350
2.720
3.080
3.450
3.800
4.150
4.520
4.870
5.230
5.590
5.950
6.330
6.710
7.080
7.440
7.810
8.190
8.550
8.920
9.300
9.650
10.030
10.390
10.760
11.140
11.520
11.880
12.280
12.640
13.020
13.390
13.760
14.140
14.500
14.860
15.230
15.590
15.960
16.330
16.690
17.040
17.400
17.760
18.130
18.500
18.890
19.250
19.630
19.990
20.360
20.730
21.080
21.440
21.820
22.180
22.570
22.940
23.300
23.660
24.060
24.420
24.800
25.170
25.540
25.910
26.280
26.640
27.030
27.420
27.780
28.130
28.480
28.850
29.210
29.570
29.950
30.320
30.690
31.050
31.420
31.790
32.160
32.540
32.920
33.280
33.650
34.030
34.390
34.760
35.140
35.500
35.860
36.230
36.610
36.970
37.320
37.680
38.050
38.420
38.790
39.170
39.550
39.910
40.280
40.680
41.040
41.410
41.780
42.150
42.530
42.900
43.250
43.600
43.960
44.330
44.710
45.080
45.450
45.820
46.200
46.570
46.940
47.320
47.680
48.060
48.440
48.840
49.220
49.600
49.940
50.300
50.630
50.990
51.340
51.720
52.100
52.490
52.860
53.230
53.590
53.970
54.310
54.690
55.070
55.460
55.830
56.210
56.600
56.980
57.340
57.720
58.080
58.470
58.840
59.210
59.580
59.940
60.300
60.680
61.060
61.450
61.820
62.170
62.550
62.930
63.280
63.650
64.020
64.400
64.770
65.150
65.510
65.910
66.260
66.630
67.010
67.390
67.760
68.130
68.490
68.870
69.220
69.600
69.980
70.380
70.740
71.080
71.440
71.820
72.190
72.550
72.940
73.310
73.670
74.040
74.410
74.780
75.150
75.520
75.910
76.270
76.660
77.030
77.410
77.790
78.160
78.520
78.880
79.240
79.620
79.990
80.360
80.730
81.090
81.460
81.850
82.210
82.580
82.970
83.330
83.700
84.060
84.430
84.810
85.180
85.560
85.930
86.290
86.650
87.020
87.390
87.790
88.160
88.540
88.900
89.280
89.660
90.020
90.390
90.790
91.160
91.550
91.900
92.280
92.630
92.980
93.340
93.740
94.120
94.490
94.860
95.230
95.600
95.970
96.340
96.740
97.100
97.500
97.860
98.240
98.610
99.000
99.350
99.740
100.110
100.480
100.840
101.210
101.570
101.940
102.310
102.700
103.050
103.450
103.820
104.200
104.580
104.960
105.320
105.690
106.060
106.440
106.810
107.170
107.530
107.920
108.280
108.660
109.060
109.430
109.790
110.160
110.540
110.910
111.290
111.650
112.020
112.380
112.750
113.140
113.490
113.860
114.240
114.550
114.880
115.190
115.510
115.830
116.150
116.470
116.790
117.110
117.440
