0.390
1.170
1.940
2.680
3.400
4.170
4.890
5.630
6.370
7.130
7.860
8.580
9.360
10.090
10.840
11.580
12.320
13.060
13.800
14.530
15.280
15.990
16.760
17.500
18.220
19.010
19.760
20.480
21.180
21.960
22.720
23.470
24.200
24.930
25.700
26.420
27.160
27.900
28.650
29.420
30.170
30.920
31.650
32.350
33.100
33.830
34.560
35.330
36.070
36.810
37.540
38.270
39.000
39.690
40.400
41.130
41.880
42.580
43.290
44.020
44.700
45.390
46.100
46.780
47.510
48.200
48.920
49.670
50.400
51.140
51.870
52.610
53.360
54.100
54.840
55.550
56.290
57.020
57.790
58.530
59.260
60.000
60.750
61.510
62.250
63.040
63.800
64.560
65.300
66.050
66.790
67.510
68.290
69.020
69.770
70.500
71.240
71.990
72.730
73.460
74.210
74.920
75.680
76.430
77.130
77.870
78.610
79.330
80.040
80.800
81.540
82.250
82.980
83.710
84.390
85.120
85.850
86.570
87.300
88.020
88.760
89.500
90.250
90.970
