0.160
0.870
1.590
2.340
3.090
3.770
4.500
5.240
5.970
6.660
7.350
8.090
8.830
9.540
10.270
11.000
11.710
12.370
13.080
13.790
14.500
15.200
15.910
16.640
17.360
18.090
18.790
19.520
20.250
20.960
21.680
22.390
23.120
23.800
24.530
25.260
25.960
26.680
27.420
28.150
28.850
29.570
30.270
30.990
31.680
32.420
33.100
33.810
34.550
35.240
35.960
36.650
37.330
38.050
38.740
39.470
40.180
40.870
41.580
42.290
43.020
43.750
44.460
45.200
45.930
46.660
47.370
48.140
48.830
49.530
50.270
50.980
51.690
52.390
53.080
53.760
54.450
55.190
55.870
56.600
57.320
58.020
58.730
59.460
60.170
60.870
61.600
62.320
63.040
63.770
64.490
65.190
65.930
66.660
67.350
68.060
68.770
69.470
70.180
70.900
71.610
72.280
72.970
73.700
74.410
75.110
75.810
76.530
77.220
77.890
78.600
79.310
80.010
80.710
81.400
82.140
82.850
83.530
84.230
84.940
85.650
86.360
87.050
87.790
88.480
89.200
89.920
90.640
91.330
91.980
92.680
93.390
94.110
94.780
95.490
96.200
