0.200
0.700
1.190
1.670
2.170
2.670
3.160
3.640
4.120
4.620
5.110
5.600
6.070
6.550
7.030
7.500
7.950
8.420
8.870
9.320
9.790
10.280
10.750
11.240
11.730
12.240
12.730
13.210
13.690
14.200
14.690
15.170
15.640
16.140
16.610
17.090
17.580
18.040
18.500
18.980
19.470
19.960
20.450
20.930
21.410
21.890
22.370
22.840
23.310
23.790
24.280
24.770
25.260
25.730
26.190
26.670
27.140
27.630
28.120
28.610
29.100
29.580
30.060
30.550
31.020
31.490
31.950
32.410
32.870
33.330
33.800
34.280
34.760
35.260
35.740
36.250
36.730
37.230
37.720
38.220
38.710
39.200
39.690
40.180
40.670
41.170
41.670
42.160
42.650
43.150
43.640
44.120
44.590
45.100
45.590
46.090
46.560
47.040
47.530
48.000
48.490
48.970
49.460
49.930
50.410
50.880
51.380
51.840
52.320
52.810
53.300
53.790
54.280
54.780
55.280
55.750
56.230
56.730
57.220
57.710
58.190
58.700
59.180
59.660
60.150
60.640
61.130
61.610
62.080
62.560
63.050
63.530
64.020
64.490
64.980
65.460
65.940
66.410
66.900
67.380
67.840
68.330
68.820
69.280
69.760
70.240
70.700
71.200
71.670
72.150
72.630
73.100
73.580
74.060
74.550
75.010
75.490
75.970
76.450
76.920
77.400
77.890
78.380
78.860
79.350
79.840
80.310
80.810
81.300
81.790
82.290
82.760
83.230
83.720
84.210
84.690
85.170
85.670
86.150
86.620
87.100
87.590
88.080
88.550
89.020
89.530
90.020
90.500
90.990
91.460
91.950
92.440
92.930
93.440
93.930
94.420
94.940
95.420
95.900
96.390
96.890
97.370
97.860
98.340
98.850
99.340
99.830
100.320
100.820
101.310
101.810
102.320
102.800
103.320
103.810
104.240
104.670
105.080
105.510
105.960
106.380
106.800
107.250
107.700
108.140
108.580
109.000
109.440
109.890
110.320
110.760
111.220
111.650
112.070
112.500
112.910
113.340
113.740
114.160
114.610
115.020
115.470
115.890
116.330
116.750
117.170
117.630
118.050
118.500
118.950
119.370
119.840
120.290
120.720
121.190
121.660
122.100
122.590
123.060
123.520
124.000
124.480
124.980
125.440
125.940
126.420
126.900
127.380
127.860
128.340
128.820
129.300
129.780
130.260
130.740
131.220
131.700
132.180
132.660
133.140
133.600
134.080
134.560
135.040
135.520
136.000
136.480
136.960
137.440
137.920
138.400
138.880
139.360
