0.380
1.440
2.530
3.590
4.590
5.680
6.780
7.850
8.960
10.010
11.070
12.110
13.200
14.120
14.970
15.940
16.830
17.780
18.700
19.570
20.540
21.400
22.200
22.950
23.690
24.350
25.030
25.730
26.410
27.020
27.670
28.300
28.970
29.580
30.250
30.870
31.530
32.170
32.730
33.280
33.870
34.430
35.000
35.530
36.070
36.640
37.070
37.520
37.940
38.380
38.800
39.240
39.670
40.090
40.510
40.920
41.350
41.780
42.210
42.640
43.060
43.490
43.910
44.340
44.760
45.190
45.610
46.040
46.460
46.880
47.300
47.730
48.150
48.560
48.990
49.390
49.830
50.250
50.680
51.090
51.520
51.940
52.360
52.790
53.210
53.620
54.050
54.460
54.880
55.300
55.720
56.130
56.550
56.980
57.390
57.810
58.240
58.660
59.080
59.500
59.920
60.340
60.780
61.190
61.620
62.030
62.460
62.890
63.310
63.730
64.150
64.570
64.980
65.410
65.830
66.240
66.670
67.090
67.510
67.940
68.360
68.800
69.220
69.640
70.060
70.480
70.890
71.310
71.730
72.150
72.580
73.000
73.420
73.840
74.250
74.680
75.090
75.510
75.930
76.350
76.780
77.190
77.620
78.040
78.470
78.880
79.270
79.700
80.120
80.550
80.950
81.370
81.780
82.200
82.620
83.030
83.450
83.870
84.290
84.700
85.120
85.530
85.960
86.380
86.790
87.210
87.620
88.050
88.470
88.880
89.290
89.700
90.130
90.550
90.970
91.390
91.810
92.230
92.620
93.030
93.440
93.850
94.270
94.690
95.100
95.520
95.950
96.370
96.780
97.190
97.580
97.990
98.410
98.820
99.210
99.620
100.020
100.440
100.860
101.280
101.690
102.110
102.530
102.940
103.380
103.780
104.210
104.630
105.060
105.460
105.840
106.250
106.680
107.090
107.520
107.930
108.340
108.750
109.170
109.580
109.980
110.360
110.770
111.160
111.570
111.960
112.360
112.770
113.180
113.600
114.010
114.430
114.820
115.230
115.660
116.060
116.480
116.900
117.310
117.720
118.140
118.550
118.970
119.390
119.810
120.240
120.650
121.070
121.490
121.910
122.330
122.760
123.180
123.600
124.030
124.440
124.850
125.290
125.710
126.120
126.550
126.970
127.390
127.800
128.230
128.630
129.060
129.480
129.880
130.310
130.710
131.120
131.520
131.930
132.310
132.730
133.140
133.550
133.960
134.370
134.780
135.210
135.620
136.030
136.450
136.870
137.280
137.670
138.110
138.530
138.940
139.360
139.790
140.200
140.610
141.030
141.440
141.860
142.280
142.690
143.100
143.540
143.940
144.360
144.770
145.190
145.610
146.000
146.440
146.860
147.260
147.680
148.110
148.520
148.940
149.340
149.730
150.150
150.530
150.950
151.350
151.730
152.140
152.560
152.960
153.370
153.790
154.210
154.610
155.030
155.440
155.850
156.270
156.690
157.110
157.540
157.940
158.320
158.720
159.150
159.560
160.010
160.460
160.910
