0.470
0.960
1.440
1.930
2.430
2.910
3.400
3.900
4.400
4.890
5.340
5.820
6.300
6.750
7.240
7.740
8.230
8.730
9.230
9.710
10.210
10.720
11.200
11.700
12.190
12.690
13.200
13.680
14.200
14.710
15.220
15.700
16.220
16.710
17.210
17.700
18.190
18.710
19.190
19.690
20.180
20.670
21.180
21.650
22.180
22.680
23.190
23.690
24.190
24.680
25.190
25.680
26.180
26.690
27.180
27.670
28.150
28.640
29.160
29.660
30.150
30.640
31.140
31.630
32.120
32.610
33.120
33.610
34.120
34.620
35.100
35.570
36.080
36.590
37.080
37.580
38.080
38.570
39.070
39.580
40.080
40.580
41.040
41.530
42.020
42.530
43.020
43.530
44.020
44.530
45.020
45.520
46.040
46.530
47.010
47.510
48.010
48.500
48.990
49.490
50.000
50.500
51.000
51.510
52.010
52.510
53.010
53.500
54.010
54.490
55.000
55.490
55.950
56.450
56.930
57.450
57.960
58.470
58.960
59.480
59.980
60.480
60.990
61.480
61.970
62.480
62.970
63.460
63.960
64.470
64.960
65.470
65.960
66.440
66.960
67.470
67.960
68.470
68.950
69.460
69.950
70.420
70.930
71.400
71.900
72.410
72.890
73.390
73.880
74.380
74.880
75.350
75.840
76.320
76.780
77.240
77.720
78.220
78.690
79.160
79.620
80.130
80.610
81.110
81.610
82.100
82.590
83.070
83.550
84.050
84.530
84.980
85.450
85.930
86.390
86.880
87.360
87.870
88.340
88.840
89.350
89.830
90.320
90.790
91.260
91.760
92.250
92.760
93.270
93.760
94.220
94.690
95.160
95.650
96.140
96.650
97.160
97.660
98.160
98.670
99.160
99.670
100.160
100.650
101.160
101.660
102.140
102.620
103.120
103.630
104.120
104.620
105.110
105.620
106.120
106.620
107.120
107.610
108.120
108.610
109.100
109.570
110.070
110.560
111.040
111.540
112.040
112.530
113.020
113.520
114.030
114.520
115.010
115.510
116.000
116.520
117.000
117.480
118.010
118.480
119.000
119.510
119.990
120.490
120.990
121.490
121.990
122.460
122.940
123.430
123.890
124.370
124.850
125.350
125.820
126.300
126.770
127.270
127.760
128.240
128.740
129.240
129.730
130.200
130.690
131.190
131.660
132.110
132.590
133.110
133.580
134.110
134.610
135.120
135.610
136.120
136.620
137.130
137.620
138.120
138.620
139.120
139.620
140.110
140.600
141.110
141.600
142.100
142.590
143.080
143.590
144.090
144.580
145.080
145.580
146.090
146.590
147.090
147.580
148.070
148.570
149.070
149.570
150.050
150.550
151.050
151.540
152.050
152.550
153.070
153.550
154.070
154.560
155.060
155.560
156.050
156.550
157.050
157.530
158.020
158.500
158.990
159.490
159.980
160.480
160.980
161.460
161.990
162.460
162.970
163.470
163.960
164.440
164.920
165.400
165.900
166.420
166.910
167.380
167.870
168.390
168.890
169.380
169.880
170.370
170.870
171.360
171.850
172.330
172.830
173.310
173.770
174.250
174.730
