0.190
0.570
0.940
1.320
1.680
2.050
2.410
2.780
3.170
3.540
3.880
4.260
4.620
4.970
5.360
5.730
6.130
6.510
6.870
7.250
7.620
7.990
8.350
8.720
9.100
9.460
9.820
10.180
10.530
10.890
11.230
11.590
11.950
12.280
12.630
13.010
13.350
13.720
14.080
14.450
14.790
15.160
15.530
15.880
16.240
16.590
16.960
17.310
17.680
18.040
18.410
18.760
19.090
19.450
19.810
20.160
20.510
20.860
21.210
21.590
21.950
22.300
22.670
23.020
23.370
23.730
24.090
24.460
24.810
25.190
25.540
25.900
26.230
26.590
26.950
27.300
27.660
28.020
28.400
28.750
29.120
29.470
29.840
30.190
30.560
30.900
31.270
31.620
32.000
32.350
32.730
33.100
33.450
33.810
34.180
34.530
34.890
35.240
35.620
35.980
36.340
36.660
37.000
37.350
37.690
38.060
38.430
38.790
39.150
39.500
39.870
40.210
40.580
40.930
41.290
41.650
42.030
42.380
42.750
43.100
43.450
43.810
44.180
44.520
44.880
45.220
45.570
45.950
46.300
46.650
47.030
47.390
47.750
48.090
48.450
48.810
49.160
49.510
49.850
50.230
50.570
50.940
51.280
51.650
51.990
52.350
52.720
53.080
53.430
53.780
54.140
54.500
54.880
55.220
55.580
55.940
56.280
56.640
56.960
57.310
57.650
58.010
58.390
58.740
59.090
59.470
59.810
60.180
60.550
60.890
61.250
61.630
61.990
62.350
62.700
63.050
63.390
63.750
64.110
64.480
64.840
65.180
65.540
65.900
66.280
66.620
67.000
67.360
67.730
68.090
68.460
68.810
69.170
69.530
69.880
70.260
70.600
70.970
71.320
71.700
72.040
72.420
72.780
73.140
73.490
73.830
74.190
74.530
74.880
75.220
75.590
75.960
76.320
76.660
77.040
77.380
77.720
78.080
78.460
78.810
79.160
79.530
79.890
80.240
80.600
80.960
81.340
81.690
82.050
82.420
82.780
83.120
83.490
83.850
84.220
84.580
84.930
85.280
85.650
86.000
86.340
86.710
87.110
87.610
88.130
88.840
89.520
90.220
90.930
91.620
92.300
93.040
93.740
94.480
95.180
95.900
96.610
97.300
97.990
98.730
99.440
100.190
100.890
101.640
102.340
103.080
103.820
104.540
105.300
106.020
106.700
107.430
108.150
108.870
109.630
110.340
111.050
111.760
112.490
113.190
113.890
114.610
115.300
116.030
116.760
117.500
118.190
118.910
119.660
120.410
121.110
121.850
122.570
123.290
124.000
124.730
125.470
126.180
126.880
127.610
128.320
129.040
129.770
130.520
131.230
131.990
132.720
133.450
134.170
134.900
135.590
136.300
137.000
137.690
138.430
139.170
139.880
140.610
141.330
142.060
142.760
143.490
144.190
144.930
145.670
146.360
147.080
147.830
148.540
149.240
149.960
150.640
151.370
152.060
152.770
153.470
154.170
154.840
155.560
156.320
157.060
157.810
158.490
159.240
159.940
160.690
161.400
162.150
162.840
163.550
164.240
164.960
165.640
166.370
167.090
167.810
168.510
169.220
169.920
170.650
171.350
172.060
172.790
173.510
174.240
174.930
175.680
176.390
177.140
177.910
178.730
179.500
180.290
181.050
181.780
182.540
183.300
184.060
184.820
185.520
186.190
186.890
187.590
188.270
188.960
189.640
190.330
191.030
191.700
192.430
193.150
193.860
194.580
195.310
196.040
196.730
197.450
198.170
198.880
199.610
200.310
201.030
201.720
202.420
203.120
203.850
204.580
205.300
206.000
206.720
207.440
208.120
208.820
209.540
210.250
210.950
211.620
212.320
213.000
213.720
214.440
215.190
215.910
216.630
217.360
218.080
218.790
219.470
220.180
220.920
221.640
222.310
223.020
223.780
224.480
225.210
225.900
226.640
227.380
228.110
228.840
229.580
230.290
231.010
231.740
232.500
233.230
233.960
234.660
235.410
236.130
236.820
237.520
238.260
238.980
239.680
240.370
241.100
241.820
242.580
243.290
244.040
244.760
245.480
246.230
246.910
247.620
248.340
249.050
249.780
250.450
251.160
251.840
252.580
253.300
254.000
254.690
255.420
256.180
256.900
257.650
258.410
259.120
259.850
260.590
261.350
262.100
262.830
263.570
264.360
265.160
265.910
266.690
267.480
268.270
269.020
