0.160
0.570
1.000
1.390
1.800
2.210
2.640
3.060
3.480
3.890
4.320
4.740
5.170
5.610
6.020
6.460
6.890
7.310
7.730
8.160
8.600
9.040
9.470
9.900
10.320
10.740
11.170
11.590
12.020
12.460
12.880
13.310
13.740
14.160
14.590
15.020
15.450
15.890
16.310
16.750
17.170
17.600
18.020
18.450
18.870
19.310
19.750
20.170
20.590
21.030
21.450
21.880
22.310
22.750
23.180
23.610
24.030
24.460
24.890
25.320
25.760
26.190
26.630
27.060
27.490
27.910
28.340
28.750
29.200
29.630
30.050
30.480
30.910
31.330
31.770
32.190
32.630
33.070
33.500
33.920
34.350
34.780
35.200
35.620
36.060
36.500
36.920
37.350
37.780
38.200
38.630
39.060
39.490
39.930
40.340
40.760
41.200
41.620
42.050
42.460
42.890
43.320
43.750
44.180
44.600
45.010
45.430
45.870
46.280
46.710
47.150
47.590
48.010
48.460
48.890
49.330
49.770
50.210
50.670
51.090
51.530
51.960
52.390
52.830
53.270
53.710
54.140
54.580
55.000
55.430
55.850
56.270
56.680
57.140
57.570
58.020
58.440
58.870
59.300
59.730
60.130
60.560
60.990
61.420
61.840
62.280
62.700
63.150
63.580
64.000
64.440
64.890
65.320
65.770
66.220
66.640
67.080
67.520
67.950
68.370
68.800
69.230
69.660
70.100
70.520
70.970
71.400
71.830
72.270
72.710
73.140
73.580
74.010
74.460
74.900
75.340
75.750
76.190
76.640
77.080
77.520
77.960
78.390
78.820
79.260
79.690
80.140
80.570
81.010
81.440
81.880
82.310
82.740
83.190
83.630
84.070
84.500
84.940
85.370
85.800
86.230
86.670
87.110
87.530
87.950
88.390
88.840
89.260
89.700
90.130
90.560
90.990
91.450
91.880
92.320
92.740
93.180
93.620
94.050
94.480
94.920
95.360
95.800
96.220
96.650
97.080
97.520
97.950
98.400
98.830
99.270
99.690
100.120
100.550
100.990
101.420
101.860
102.290
102.720
103.140
103.570
104.000
104.430
104.860
105.310
105.730
106.170
106.590
107.020
107.460
107.890
108.320
108.750
109.190
109.610
110.060
110.490
110.920
111.350
111.780
112.220
112.640
113.060
113.480
113.910
114.350
114.780
115.200
115.640
116.060
116.490
116.920
117.360
117.790
118.220
118.640
119.090
119.520
119.950
120.380
120.830
121.270
121.710
122.140
122.560
123.000
123.430
123.870
124.290
124.730
125.180
125.610
126.050
126.490
126.920
127.370
127.800
128.230
128.640
129.050
129.470
129.900
130.330
130.760
131.200
131.630
132.060
132.490
132.890
133.320
133.750
134.190
134.620
135.040
135.480
135.910
136.360
136.800
137.240
137.650
138.100
138.520
138.970
139.390
139.840
140.280
140.710
141.140
141.570
142.000
142.450
142.880
143.320
143.750
144.180
144.600
145.030
145.460
145.890
146.320
146.760
147.200
147.630
148.050
148.480
148.900
149.340
149.760
150.210
150.620
151.070
151.480
151.930
152.340
152.780
153.200
153.640
154.050
154.490
154.890
155.320
155.750
156.150
156.570
157.000
157.460
157.900
158.340
158.760
159.210
159.660
160.120
160.560
161.030
161.480
161.920
162.380
162.810
