0.160
0.540
0.890
1.280
1.630
1.980
2.330
2.670
3.020
3.390
3.790
4.180
4.570
4.950
5.330
5.720
6.120
6.490
6.890
7.250
7.630
8.010
8.400
8.790
9.190
9.580
9.960
10.360
10.750
11.150
11.530
11.900
12.270
12.650
13.050
13.440
13.830
14.230
14.600
15.000
15.400
15.790
16.180
16.550
16.920
17.310
17.710
18.130
18.520
18.920
19.310
19.700
20.110
20.500
20.880
21.270
21.670
22.060
22.430
22.840
23.230
23.610
23.990
24.380
24.770
25.200
25.600
26.000
26.410
26.820
27.250
27.650
28.060
28.440
28.850
29.240
29.620
30.020
30.400
30.780
31.180
31.560
31.950
32.340
32.760
33.160
33.550
33.950
34.350
34.750
35.140
35.530
35.940
36.300
36.680
37.060
37.480
37.860
38.270
38.660
39.060
39.460
39.850
40.210
40.600
40.990
41.360
41.750
42.170
42.550
42.970
43.370
43.750
44.150
44.550
44.930
45.340
45.700
46.080
46.470
46.870
47.270
47.680
48.080
48.460
48.870
49.260
49.660
50.060
50.440
50.830
51.230
51.630
52.020
52.420
52.830
53.220
53.620
54.010
54.440
54.840
55.260
55.670
56.070
56.480
56.880
57.310
57.690
58.110
58.510
58.890
59.310
59.710
60.100
60.470
60.870
61.240
61.620
61.990
62.390
62.750
63.150
63.510
63.930
64.340
64.770
65.220
65.650
66.080
66.470
66.900
67.280
67.680
68.080
68.440
68.820
69.190
69.550
69.910
70.290
70.650
71.040
71.450
71.840
72.240
72.650
73.030
73.430
73.850
74.230
74.630
75.000
75.380
75.770
76.160
76.570
76.980
77.380
77.770
78.180
78.580
78.980
79.370
79.740
80.130
80.520
80.940
81.320
81.730
82.130
82.520
82.930
83.300
83.710
84.090
84.470
84.890
85.330
85.770
86.200
86.630
87.050
87.420
87.830
88.210
88.610
88.980
89.390
89.770
90.160
90.550
90.930
91.350
91.730
92.210
92.710
93.330
93.920
94.540
95.150
95.830
96.640
97.390
98.190
98.960
99.710
100.440
101.250
102.030
102.780
103.550
104.330
105.110
105.900
106.670
107.470
108.240
109.020
109.790
110.610
111.410
112.180
112.970
113.740
114.550
115.350
116.140
116.980
117.760
118.540
119.320
120.120
120.730
121.320
121.950
122.540
123.160
123.790
124.430
125.040
125.630
126.190
126.780
127.390
127.980
128.550
129.130
129.690
130.280
130.840
131.410
131.990
132.570
133.150
133.730
134.280
134.850
135.460
136.030
136.590
137.180
137.750
138.310
138.900
139.450
140.020
140.590
141.160
141.740
142.290
142.860
143.420
143.990
144.540
145.120
145.680
146.240
146.810
147.380
147.950
148.500
149.060
149.590
150.140
150.660
151.230
151.780
152.340
152.870
153.440
153.970
154.520
155.060
155.640
156.160
156.710
157.260
157.810
158.370
158.930
159.490
160.040
160.600
161.150
161.690
162.270
162.810
163.380
163.920
164.490
165.040
165.580
166.150
166.680
167.230
167.790
168.350
168.910
169.470
170.030
170.570
171.150
171.740
172.280
172.810
173.370
173.910
174.430
174.990
175.560
176.100
176.690
177.230
177.800
178.340
178.910
179.460
180.030
180.590
181.130
181.700
182.260
182.830
183.360
183.920
184.480
185.040
185.590
186.140
186.680
187.230
187.790
188.340
188.930
189.470
190.030
190.610
191.170
191.720
192.280
192.820
193.400
193.950
194.520
195.070
195.640
196.200
196.750
197.300
197.730
198.110
198.530
198.920
199.320
199.690
200.070
200.450
200.840
201.220
201.610
201.980
202.350
202.740
203.140
203.520
203.930
204.310
204.690
205.090
205.480
205.880
206.260
206.630
207.000
207.380
207.790
208.170
208.560
208.950
209.330
209.730
210.130
210.510
210.910
211.280
211.650
212.040
212.450
212.850
213.250
213.640
214.030
214.430
214.820
215.230
215.600
215.990
216.390
216.780
217.180
217.570
217.950
218.350
218.740
219.110
219.530
219.930
220.320
220.720
221.140
221.560
221.960
222.370
222.780
223.150
223.560
223.930
224.340
224.730
225.110
225.500
225.900
226.270
226.660
227.060
227.480
227.880
228.270
228.670
229.060
229.470
229.860
230.250
230.650
231.010
231.390
231.770
232.170
232.560
232.980
233.380
233.770
234.170
234.560
234.920
235.310
235.690
236.080
236.460
236.850
237.260
237.670
238.050
238.470
238.870
239.320
239.770
240.220
240.670
