0.100
0.500
0.870
1.260
1.640
2.030
2.410
2.800
3.150
3.530
3.890
4.270
4.660
5.060
5.460
5.850
6.220
6.620
7.010
7.390
7.760
8.130
8.520
8.890
9.250
9.630
10.000
10.380
10.780
11.160
11.550
11.960
12.340
12.720
13.120
13.500
13.920
14.300
14.680
15.080
15.480
15.850
16.250
16.630
17.030
17.420
17.820
18.200
18.600
18.980
19.360
19.760
20.170
20.560
20.950
21.350
21.760
22.140
22.540
22.940
23.350
23.740
24.130
24.530
24.920
25.300
25.680
26.080
26.500
26.880
27.290
27.680
28.080
28.460
28.840
29.250
29.660
30.050
30.440
30.840
31.250
31.640
32.040
32.450
32.850
33.240
33.620
34.020
34.430
34.820
35.230
35.610
36.030
36.420
36.810
37.190
37.610
38.000
38.400
38.800
39.210
39.610
40.000
40.380
40.790
41.170
41.550
41.960
42.390
42.790
43.190
43.590
44.000
44.390
44.780
45.180
45.570
45.950
46.350
46.730
47.120
47.510
47.890
48.290
48.700
49.110
49.500
49.890
50.300
50.690
51.080
51.460
51.880
52.260
52.670
53.060
53.480
53.850
54.250
54.650
55.040
55.420
55.830
56.220
56.630
57.020
57.420
57.810
58.220
58.620
59.010
59.430
59.790
60.170
60.560
60.940
61.340
61.720
62.120
62.510
62.900
63.310
63.710
64.100
64.510
64.910
65.280
65.680
66.060
66.450
66.850
67.240
67.640
68.010
68.410
68.810
69.190
69.570
69.950
70.350
70.740
71.120
71.530
71.920
72.300
72.680
73.070
73.490
73.890
74.280
74.680
75.080
75.490
75.870
76.270
76.670
77.090
77.480
77.860
78.250
78.660
79.030
79.420
79.840
80.230
80.640
81.020
81.430
81.840
82.210
82.610
83.010
83.430
83.810
84.210
84.610
84.990
85.380
85.760
86.170
86.590
86.980
87.380
87.780
88.190
88.590
88.980
89.390
89.800
90.200
90.590
91.000
91.410
91.820
92.200
92.620
93.010
93.400
93.780
94.180
94.590
94.990
95.380
95.790
96.200
96.610
97.000
97.400
97.810
98.180
98.580
98.980
99.390
99.790
100.180
100.560
100.950
101.330
101.720
102.150
102.560
102.950
103.360
103.760
104.180
104.570
104.970
105.370
105.780
106.180
106.580
106.960
107.360
107.750
108.130
108.550
108.950
109.340
109.740
110.160
110.570
110.950
111.350
111.760
112.160
112.590
112.980
113.380
113.780
114.190
114.590
115.010
115.430
115.800
116.200
116.580
116.990
117.400
117.800
118.190
118.590
118.990
119.390
119.800
120.180
120.580
120.990
121.380
121.810
122.200
122.620
123.010
123.400
123.810
124.200
124.600
124.980
125.380
125.780
126.150
126.570
126.950
127.370
127.750
128.150
128.530
128.920
129.330
129.710
130.100
130.480
130.890
131.280
131.660
132.060
132.470
132.880
133.280
133.670
134.090
134.510
134.900
135.290
135.700
136.100
136.470
136.860
137.270
137.680
138.070
138.460
138.870
139.280
139.670
140.060
140.460
140.870
141.260
141.670
142.070
142.480
142.860
143.290
143.690
144.090
144.510
144.910
145.300
145.700
146.090
146.500
146.920
147.330
147.730
148.140
148.560
148.970
149.360
149.790
150.200
150.610
151.010
151.410
151.830
152.240
152.630
153.030
153.440
153.860
154.270
154.680
155.090
155.500
155.900
156.310
156.720
157.140
157.540
157.930
158.340
158.750
159.150
159.530
159.930
160.350
160.750
161.150
161.560
161.960
162.370
162.770
163.180
163.600
164.010
164.410
164.820
165.240
165.630
166.030
166.430
166.850
167.250
167.650
168.050
168.440
168.830
169.230
169.660
170.070
170.480
170.870
171.290
171.710
172.100
172.490
172.920
173.330
173.730
174.140
174.520
174.940
175.330
175.720
176.130
176.540
176.930
177.310
177.720
178.130
178.510
178.910
179.320
179.720
180.110
180.520
180.880
181.250
181.620
182.020
182.440
182.840
183.270
183.650
184.030
184.430
184.820
185.220
185.600
186.020
186.420
186.800
187.180
187.580
187.960
188.360
188.760
189.160
189.550
189.950
190.330
190.710
191.100
191.500
191.900
192.290
192.680
193.070
193.450
193.840
194.220
194.610
195.020
