0.360
1.290
2.180
3.090
4.020
4.910
5.980
6.890
7.670
8.410
9.180
9.900
10.630
11.350
12.060
12.760
13.460
14.160
14.870
15.570
16.260
16.960
17.680
18.360
19.060
19.780
20.500
21.210
21.950
22.670
23.390
24.110
24.810
25.530
26.230
26.940
27.600
28.010
28.390
28.750
29.100
29.450
29.810
30.160
30.530
30.880
31.240
31.590
31.960
32.310
32.670
33.040
33.390
33.760
34.130
34.470
34.820
35.180
35.540
35.910
36.250
36.610
36.980
37.340
37.690
38.030
38.400
38.750
39.100
39.430
39.770
40.130
40.480
40.810
41.180
41.550
41.900
42.240
42.590
42.960
43.300
43.640
44.000
44.360
44.710
45.040
45.390
45.750
46.090
46.420
46.780
47.130
47.480
47.830
48.190
48.560
48.920
49.270
49.620
49.970
50.340
50.680
51.040
51.410
51.760
52.110
52.480
52.830
53.180
53.520
53.890
54.230
54.590
54.950
55.300
55.670
56.000
56.370
56.710
57.060
57.410
57.750
58.100
58.450
58.810
59.170
59.530
59.880
60.250
60.580
60.930
61.290
61.650
62.010
62.370
62.710
63.080
63.430
63.790
64.150
64.510
64.870
65.250
65.600
65.950
66.290
66.640
67.000
67.340
67.680
68.040
68.400
68.740
69.080
69.430
69.780
70.150
70.490
70.840
71.210
71.560
71.940
72.270
72.620
72.960
73.320
73.650
73.990
74.330
74.710
75.050
75.420
75.770
76.130
76.470
76.840
77.180
77.540
77.890
78.260
78.600
78.970
79.320
79.680
80.030
80.390
80.730
81.100
81.450
81.800
82.130
82.490
82.850
83.190
83.530
83.890
84.230
84.580
84.920
85.270
85.620
85.980
86.320
86.690
87.030
87.380
87.730
88.090
88.440
88.770
89.120
89.490
89.830
90.180
90.540
90.890
91.260
91.600
91.960
92.350
92.700
93.060
93.430
93.780
94.150
94.500
94.870
95.230
95.600
95.950
96.320
96.680
97.030
97.380
97.750
98.110
98.480
98.820
99.180
99.550
99.910
100.250
100.620
100.970
101.320
101.660
102.010
102.370
102.730
103.110
103.470
103.820
104.180
104.510
104.870
105.200
105.560
105.910
106.250
106.600
106.940
107.290
107.660
108.010
108.350
108.700
109.080
109.440
109.780
110.120
110.470
110.830
111.180
111.500
111.850
112.210
112.560
112.890
113.250
113.590
113.960
114.310
114.670
115.040
115.400
115.750
116.110
116.470
116.830
117.190
117.530
117.880
118.240
118.590
118.940
119.300
119.650
119.990
120.340
120.680
121.030
121.390
121.730
122.090
122.430
122.800
123.130
123.500
123.840
124.200
124.550
124.930
125.290
125.640
125.970
126.340
126.690
127.040
127.380
127.730
128.090
128.440
128.770
129.120
129.490
129.830
130.180
130.540
130.900
131.250
131.590
131.950
132.290
132.640
132.990
133.340
133.710
134.050
134.400
134.740
135.100
135.460
135.830
136.190
136.540
136.890
137.250
137.600
137.970
138.310
138.680
139.040
139.400
139.750
140.110
140.460
140.840
141.180
141.530
141.890
142.250
142.600
142.930
143.290
143.650
144.000
144.360
144.700
145.060
145.400
145.770
146.110
146.460
146.800
147.180
147.530
147.900
148.250
148.590
148.950
149.310
149.660
150.010
150.370
150.720
151.070
151.430
151.770
152.120
152.490
152.830
153.180
153.520
153.870
154.240
154.590
154.940
155.290
155.630
155.990
156.330
156.680
157.040
157.410
157.750
158.110
158.490
158.850
159.200
159.540
159.900
160.260
160.600
160.950
161.320
161.680
162.030
162.370
162.730
163.040
163.370
163.680
164.000
164.320
164.640
164.970
165.280
165.610
165.930
166.240
166.560
166.880
167.200
167.520
167.840
