0.360
0.900
1.410
1.930
2.470
3.020
3.570
4.130
4.650
5.200
5.760
6.350
6.910
7.460
8.000
8.540
9.050
9.610
10.130
10.700
11.250
11.780
12.350
12.910
13.460
14.030
14.600
15.150
15.710
16.240
16.810
17.350
17.910
18.440
19.030
19.600
20.160
20.760
21.330
21.900
22.480
23.040
23.590
24.190
24.780
25.340
25.930
26.480
27.040
27.540
28.100
28.620
29.140
29.700
30.250
30.830
31.450
32.040
32.600
33.190
33.750
34.320
34.900
35.440
36.040
36.590
37.120
37.680
38.240
38.780
39.320
39.870
40.410
40.960
41.470
42.030
42.620
43.170
43.710
44.280
44.890
45.470
46.020
46.620
47.190
47.730
48.310
48.890
49.460
50.050
50.620
51.230
51.840
52.430
53.040
53.620
54.180
54.760
55.340
55.930
56.500
57.080
57.650
58.250
58.810
59.380
59.940
60.530
61.090
61.640
62.200
62.770
63.340
63.920
64.460
65.070
65.640
66.210
66.830
67.400
67.970
68.570
69.160
69.710
70.270
70.840
71.390
71.940
72.510
73.060
73.610
74.140
74.730
75.280
75.860
76.430
76.990
77.560
78.160
78.730
79.290
79.870
80.430
80.980
81.550
82.130
82.720
83.250
83.830
84.400
84.930
85.490
86.080
86.630
87.210
87.790
88.370
88.920
89.520
90.080
90.690
91.250
91.820
92.420
93.010
93.590
94.150
94.700
95.270
95.830
96.370
96.910
97.470
98.010
98.600
99.130
99.710
100.280
100.810
101.390
101.970
102.560
103.170
103.770
104.400
104.990
105.580
106.170
106.760
107.320
107.950
108.540
109.120
109.750
110.370
110.960
111.550
112.140
112.740
113.320
113.930
114.520
115.150
115.740
116.340
116.940
117.540
118.100
118.640
119.180
119.740
120.300
120.860
121.420
121.990
122.570
123.160
123.760
124.330
124.920
125.500
126.060
126.640
127.230
127.800
128.380
129.000
129.590
130.170
130.740
131.320
131.900
132.470
133.070
133.660
134.260
134.860
135.470
136.100
136.690
137.260
137.840
138.420
138.960
139.530
140.130
140.700
141.270
141.830
142.430
143.000
143.600
144.230
144.830
145.410
145.990
146.590
147.180
147.780
148.340
148.940
149.550
150.180
150.780
151.400
152.090
152.730
153.500
154.250
155.010
155.770
156.550
157.320
158.100
158.860
159.580
160.400
161.180
162.010
162.820
163.590
164.410
165.200
165.970
166.760
167.510
168.320
169.090
169.860
170.640
171.450
172.270
173.070
173.830
174.670
175.430
176.250
177.050
177.830
178.690
179.530
180.390
181.200
182.010
182.800
183.600
