0.370
0.760
1.150
1.540
1.930
2.310
2.700
3.080
3.480
3.870
4.250
4.640
5.030
5.420
5.810
6.200
6.600
6.980
7.360
7.740
8.130
8.520
8.890
9.290
9.680
10.070
10.460
10.850
11.240
11.660
12.060
12.460
12.850
13.240
13.640
14.040
14.440
14.830
15.210
15.600
15.970
16.340
16.740
17.120
17.490
17.880
18.250
18.670
19.050
19.460
19.850
20.260
20.660
21.070
21.460
21.870
22.260
22.650
23.020
23.420
23.800
24.200
24.580
24.960
25.340
25.720
26.110
26.470
26.860
27.250
27.630
28.000
28.400
28.800
29.180
29.550
29.920
30.330
30.710
31.090
31.480
31.890
32.270
32.660
33.040
33.450
33.810
34.190
34.580
34.990
35.370
35.770
36.130
36.530
36.910
37.280
37.670
38.070
38.440
38.850
39.230
39.630
40.000
40.370
40.750
41.160
41.550
41.940
42.310
42.690
43.070
43.460
43.850
44.240
44.610
45.000
45.410
45.790
46.160
46.530
46.910
47.320
47.690
48.090
48.480
48.880
49.250
49.660
50.040
50.430
50.820
51.240
51.610
52.010
52.390
52.780
53.180
53.580
53.960
54.340
54.730
55.100
55.500
55.850
56.220
56.620
57.020
57.400
57.780
58.190
58.570
58.970
59.350
59.750
60.130
60.510
60.900
61.310
61.690
62.080
62.470
62.870
63.250
63.640
64.020
64.430
64.800
65.200
65.580
65.980
66.340
66.730
67.110
67.520
67.900
68.290
68.670
69.080
69.460
69.870
70.260
70.680
71.070
71.480
71.870
72.260
72.670
73.090
73.500
73.900
74.290
74.710
75.100
75.490
75.880
76.260
76.650
77.050
77.430
77.840
78.230
78.620
79.010
79.410
79.810
80.210
80.620
81.030
81.420
81.810
82.210
82.610
83.030
83.430
83.830
84.230
84.610
85.010
85.390
85.790
86.160
86.550
86.940
87.340
87.720
88.130
88.500
88.920
89.300
89.720
90.110
90.500
90.880
91.300
91.680
92.090
92.470
92.880
93.260
93.640
94.040
94.460
94.850
95.250
95.630
96.040
96.410
96.800
97.190
97.600
97.980
98.390
98.780
99.190
99.570
99.980
100.370
100.800
101.190
101.620
102.000
102.420
102.820
103.200
103.620
104.040
104.440
104.860
105.250
105.680
106.050
106.420
106.800
107.210
107.580
107.980
108.370
108.790
109.170
109.590
109.990
110.390
110.810
111.210
111.620
112.040
112.440
112.850
113.270
113.680
114.100
114.480
114.890
115.300
115.690
116.080
116.460
116.850
117.260
117.670
118.070
118.470
118.850
119.250
119.650
120.050
120.440
120.830
121.230
121.650
122.020
122.420
122.810
123.210
123.600
123.980
124.370
124.780
125.170
125.570
125.970
126.370
126.750
127.140
127.540
127.940
128.330
128.720
129.110
129.490
129.870
130.260
130.650
131.060
131.440
131.830
132.210
132.630
133.020
133.410
133.800
134.210
134.600
134.970
135.370
135.790
136.170
136.590
136.960
137.370
137.750
138.140
138.530
138.940
139.320
139.730
140.110
140.490
140.890
141.280
141.670
142.040
142.430
142.820
143.210
143.630
144.010
144.430
144.820
145.220
145.600
145.990
146.380
146.770
147.170
147.570
147.940
148.350
148.720
149.110
149.510
149.930
150.310
150.730
151.120
151.530
151.920
152.320
152.730
153.110
153.510
153.930
154.330
154.730
155.120
155.510
155.890
156.260
156.650
157.010
157.420
157.790
158.190
158.560
158.940
159.320
159.710
160.080
160.470
160.830
161.230
161.600
161.990
162.370
162.760
163.130
163.520
163.900
164.300
164.660
165.050
165.430
165.810
166.200
166.580
166.960
167.360
167.730
168.130
168.510
168.900
169.280
169.650
170.050
170.430
170.830
171.230
171.600
172.010
172.380
172.780
173.160
173.570
173.950
174.320
174.720
175.100
175.470
175.850
176.220
176.610
176.990
177.380
177.760
178.160
178.540
178.930
179.320
179.710
180.070
180.450
180.840
181.230
181.600
