0.130
0.770
1.360
1.990
2.640
3.250
3.900
4.600
5.260
5.930
6.560
7.230
7.890
8.550
9.190
9.830
10.460
11.090
11.740
12.390
13.020
13.640
14.290
14.940
15.570
16.220
16.830
17.460
18.100
18.710
19.330
19.960
20.590
21.240
21.860
22.490
23.130
23.760
24.390
25.030
25.660
26.300
26.940
27.590
28.200
28.850
29.470
30.110
30.740
31.370
31.980
32.620
33.240
33.900
34.510
35.160
35.770
36.420
37.030
37.670
38.270
38.880
39.530
40.140
40.770
41.390
42.010
42.660
43.280
43.910
44.510
45.140
45.740
46.350
46.980
47.620
48.210
48.830
49.480
50.120
50.730
51.330
51.970
52.570
53.210
53.880
54.530
55.160
55.760
56.380
57.000
57.580
58.210
58.840
59.450
60.090
60.690
61.300
61.900
62.530
63.140
63.730
64.360
64.970
65.570
66.170
66.780
67.410
68.020
68.620
69.240
69.860
70.450
71.080
71.700
72.320
72.920
73.530
74.140
74.760
75.340
75.950
76.540
77.170
77.760
78.410
79.040
79.640
80.270
80.930
81.540
82.150
82.770
83.360
83.980
84.590
85.190
85.770
86.380
86.980
87.590
88.200
88.800
89.400
90.020
90.640
91.260
91.860
92.470
93.070
93.670
94.280
94.870
95.500
96.090
96.700
97.300
97.910
98.520
99.160
99.750
100.370
100.950
101.590
102.180
102.810
103.400
104.010
104.610
105.220
105.840
106.450
107.070
107.690
108.270
108.890
109.480
110.080
110.690
111.300
111.900
112.520
113.110
113.730
114.340
114.930
115.520
116.130
116.750
117.350
117.960
118.590
119.220
119.810
120.430
121.080
121.670
122.300
122.910
123.490
124.080
124.670
125.230
125.820
126.400
126.990
127.560
128.150
128.750
129.340
129.940
130.530
131.130
131.730
132.310
132.900
133.510
134.090
134.690
135.260
135.860
136.470
137.060
137.640
138.260
138.850
139.450
140.050
140.630
141.240
141.800
142.430
143.020
143.650
144.240
144.800
145.410
145.990
146.600
147.160
147.770
148.380
148.960
149.570
150.160
150.770
151.370
151.970
152.560
153.150
153.750
154.360
154.970
155.580
156.160
156.760
157.370
157.950
158.550
159.160
159.750
160.340
160.950
161.540
162.160
162.760
163.360
163.980
164.570
165.180
165.750
166.360
166.940
167.540
168.130
168.740
169.330
169.910
170.520
171.120
171.710
172.300
172.860
173.450
174.070
174.670
175.270
175.850
176.450
177.040
177.620
178.200
178.830
179.450
180.030
180.680
181.280
181.900
182.470
183.030
183.640
184.250
184.870
185.490
186.080
186.680
187.270
187.850
188.410
189.000
189.600
190.200
190.770
191.370
191.940
192.560
193.130
193.710
194.320
194.900
195.500
196.090
196.680
197.270
197.850
198.470
199.050
199.640
200.220
200.820
201.410
202.010
202.580
203.170
203.760
204.370
205.020
205.630
206.250
206.840
207.450
208.030
208.650
209.240
209.810
210.400
211.000
211.570
212.190
212.750
213.340
213.940
214.530
215.120
215.700
216.300
216.910
217.480
218.080
218.680
219.250
219.850
220.430
221.030
221.610
222.210
222.780
223.380
223.980
224.550
225.150
225.740
226.330
226.890
227.490
228.060
228.620
229.220
229.820
230.400
231.000
231.580
232.160
232.750
233.340
233.900
234.490
235.070
235.680
236.250
236.830
237.400
237.990
238.570
239.140
239.730
240.320
240.890
241.470
242.070
242.640
243.230
243.800
244.390
244.970
245.550
246.140
246.730
247.300
247.890
248.480
249.060
249.640
250.240
250.820
251.400
251.980
252.560
253.180
253.820
254.460
255.100
