0.370
0.860
1.380
1.870
2.390
2.870
3.410
3.890
4.400
4.890
5.410
5.890
6.380
6.860
7.380
7.860
8.360
8.860
9.400
9.890
10.370
10.880
11.380
11.860
12.360
12.870
13.370
13.880
14.360
14.880
15.380
15.880
16.350
16.860
17.370
17.870
18.350
18.870
19.370
19.860
20.350
20.860
21.380
21.890
22.400
22.930
23.440
23.940
24.470
24.980
25.510
26.020
26.540
27.070
27.590
28.110
28.610
29.140
29.670
30.180
30.700
31.220
31.720
32.240
32.760
33.300
33.850
34.370
34.900
35.430
35.930
36.450
36.930
37.490
38.000
38.550
39.050
39.570
40.090
40.640
41.150
41.640
42.140
42.670
43.150
43.640
44.140
44.650
45.170
45.670
46.160
46.670
47.170
47.690
48.190
48.720
49.220
49.720
50.230
50.750
51.230
51.720
52.220
52.720
53.240
53.730
54.220
54.750
55.250
55.750
56.240
56.750
57.240
57.750
58.250
58.770
59.270
59.770
60.260
60.790
61.300
61.810
62.330
62.850
63.360
63.870
64.390
64.910
65.430
65.940
66.460
66.980
67.500
68.010
68.520
69.050
69.580
70.090
70.600
71.110
71.640
72.150
72.670
73.180
73.700
74.220
74.760
75.280
75.800
76.300
76.770
77.310
77.820
78.370
78.870
79.420
79.940
80.460
80.960
81.460
81.990
82.500
82.970
83.490
83.970
84.490
85.000
85.480
85.980
86.500
87.010
87.500
87.990
88.500
89.020
89.520
90.020
90.540
91.030
91.540
92.020
92.560
93.070
93.560
94.060
94.570
95.060
95.560
96.060
96.570
97.070
97.570
98.080
98.600
99.120
99.610
100.130
100.650
101.160
101.660
102.190
102.720
103.220
103.740
104.270
104.800
105.320
105.820
106.350
106.860
107.370
107.880
108.390
108.920
109.440
109.940
110.470
110.990
111.510
112.020
112.510
113.050
113.570
114.100
114.640
115.140
115.670
116.180
116.660
117.210
117.700
118.230
118.760
119.260
119.810
120.330
120.830
121.350
121.840
122.350
122.850
123.380
123.880
124.390
124.880
125.400
125.910
126.450
126.950
127.470
127.990
128.490
128.970
129.500
130.000
130.500
131.000
131.470
131.970
132.490
132.990
133.490
133.970
134.480
134.980
135.460
135.960
136.460
136.980
137.470
137.960
138.470
138.980
139.470
139.950
140.460
140.970
141.470
141.950
142.470
142.970
143.460
143.950
144.430
