0.390
1.270
2.170
3.030
3.920
4.820
5.720
6.590
7.500
8.380
9.280
10.190
11.060
11.980
12.930
13.830
14.800
15.740
16.630
17.570
18.540
19.450
20.420
21.360
22.270
23.260
24.170
25.090
25.980
26.890
27.840
28.730
29.640
30.580
31.480
32.370
33.230
34.170
35.140
36.050
37.040
37.940
38.900
39.870
40.790
41.770
42.700
43.630
44.620
45.500
46.470
47.370
48.310
49.310
50.280
51.180
52.080
52.980
53.890
54.770
55.670
56.580
57.460
58.330
59.230
60.120
61.030
61.910
62.770
63.650
64.530
65.440
66.310
67.230
68.150
69.040
69.930
70.840
71.770
72.640
73.570
74.430
75.320
76.230
77.150
78.020
78.950
79.810
80.760
81.670
82.610
83.520
84.410
85.330
86.250
87.150
88.080
88.960
89.900
90.820
91.720
92.670
93.590
94.460
95.360
96.300
97.210
98.120
99.010
99.960
100.840
101.760
102.630
103.570
104.460
105.380
106.250
107.190
108.070
109.000
109.860
110.790
111.640
112.510
113.410
114.270
115.120
116.010
116.900
117.770
118.610
119.470
120.400
121.260
122.190
123.090
124.040
124.970
125.880
126.740
127.660
128.610
129.480
130.400
131.270
132.170
133.040
133.940
134.810
135.700
136.540
137.460
138.360
139.250
140.170
141.020
141.940
142.870
143.750
144.680
145.590
146.440
147.360
148.240
149.190
150.100
151.000
151.940
152.860
153.780
154.700
155.600
156.480
157.410
158.350
159.280
160.180
161.110
161.990
162.910
163.850
164.740
165.670
166.570
167.520
168.470
169.370
170.350
171.270
172.260
173.200
174.170
175.180
176.120
177.110
178.080
179.080
180.170
181.240
182.370
183.430
184.490
185.470
186.550
187.590
188.630
189.690
190.670
