0.130
0.440
0.760
1.080
1.410
1.730
2.050
2.370
2.680
3.010
3.330
3.630
3.950
4.250
4.560
4.880
5.190
5.500
5.810
6.130
6.450
6.780
7.100
7.410
7.720
8.030
8.340
8.650
8.970
9.270
9.590
9.900
10.210
10.510
10.830
11.130
11.450
11.770
12.080
12.400
12.710
13.030
13.340
13.650
13.970
14.290
14.600
14.920
15.240
15.540
15.860
16.180
16.490
16.820
17.130
17.460
17.770
18.080
18.400
18.710
19.030
19.350
19.670
19.980
20.300
20.610
20.930
21.250
21.570
21.880
22.200
22.520
22.830
23.140
23.450
23.760
24.070
24.390
24.700
25.020
25.340
25.660
25.970
26.290
26.610
26.920
27.230
27.540
27.850
28.170
28.470
28.780
29.100
29.410
29.720
30.030
30.330
30.620
30.920
31.220
31.530
31.840
32.150
32.470
32.780
33.100
33.410
33.730
34.060
34.370
34.680
35.000
35.310
35.630
35.950
36.260
36.580
36.900
37.220
37.540
37.860
38.170
38.490
38.790
39.100
39.420
39.730
40.040
40.350
40.660
40.980
41.290
41.610
41.930
42.260
42.570
42.870
43.190
43.510
43.840
44.160
44.480
44.800
45.110
45.430
45.750
46.070
46.390
46.710
47.020
47.330
47.640
47.940
48.250
48.560
48.880
49.210
49.520
49.850
50.170
50.470
50.790
51.090
51.410
51.730
52.050
52.360
52.680
53.000
53.320
53.640
53.960
54.280
54.600
54.920
55.240
55.550
55.870
56.190
56.500
56.830
57.140
57.460
57.780
58.100
58.430
58.730
59.040
59.360
59.680
59.990
60.310
60.640
60.950
61.270
61.590
61.900
62.210
62.540
62.860
63.170
63.500
63.810
64.120
64.440
64.750
65.060
65.380
65.690
66.010
66.330
66.640
66.950
67.260
67.570
67.890
68.200
68.520
68.830
69.140
69.450
69.770
70.070
70.390
70.690
70.990
71.280
71.580
71.890
72.210
72.530
72.850
73.160
73.490
73.800
74.110
74.420
74.740
75.050
75.370
75.690
76.000
76.330
76.650
76.970
77.280
77.600
77.920
78.230
78.540
78.860
79.170
79.490
79.800
80.120
80.440
80.760
81.080
81.400
81.700
82.030
82.340
82.670
82.980
83.300
83.620
83.930
84.250
84.560
84.860
85.180
85.500
85.820
86.150
86.470
86.790
87.100
87.400
87.720
88.030
88.340
88.640
88.960
89.290
89.630
89.950
90.270
90.590
90.910
91.220
91.540
91.870
92.180
92.510
92.830
93.140
93.460
93.790
94.090
94.410
94.730
95.040
95.360
95.680
95.990
96.300
96.610
96.930
97.240
97.550
97.860
98.170
98.500
98.820
99.140
99.460
99.780
100.090
100.420
100.730
101.060
101.370
101.700
102.010
102.340
102.660
102.970
103.300
103.620
103.940
104.260
104.580
104.910
105.240
105.550
105.880
106.200
106.530
106.840
107.160
107.480
107.800
108.130
108.450
108.770
109.080
109.400
109.730
110.050
110.370
110.670
110.990
111.300
111.600
111.910
112.220
112.530
112.850
113.160
113.460
113.780
114.100
114.420
114.730
115.050
115.370
115.690
116.020
116.330
116.630
116.950
117.260
117.570
117.890
118.200
118.530
118.840
119.160
119.480
119.800
120.110
120.420
120.730
121.050
121.360
121.670
121.990
122.300
122.630
122.950
123.270
123.580
123.900
124.210
124.520
124.850
125.170
125.490
125.800
126.130
126.440
126.770
127.090
127.410
127.730
128.050
128.350
128.670
128.980
129.290
129.600
129.920
130.250
130.560
130.890
131.200
131.510
131.820
132.140
132.460
132.780
133.090
133.410
133.740
134.050
134.370
134.690
135.020
135.330
135.650
135.970
136.290
136.610
136.930
137.250
137.580
137.890
138.220
138.540
138.850
139.180
139.500
139.810
140.140
140.460
140.780
