0.330
0.660
1.020
1.360
1.710
2.080
2.430
2.770
3.130
3.490
3.850
4.200
4.550
4.900
5.260
5.600
5.970
6.320
6.680
7.030
7.390
7.730
8.080
8.430
8.800
9.150
9.500
9.840
10.190
10.530
10.860
11.200
11.540
11.890
12.250
12.600
12.950
13.310
13.670
14.020
14.390
14.730
15.090
15.430
15.790
16.130
16.500
16.850
17.220
17.570
17.920
18.280
18.640
18.990
19.350
19.690
20.050
20.400
20.760
21.110
21.460
21.810
22.170
22.510
22.870
23.220
23.560
23.920
24.260
24.600
24.970
25.320
25.690
26.050
26.410
26.760
27.110
27.460
27.830
28.170
28.540
28.900
29.250
29.620
29.960
30.320
30.670
31.030
31.380
31.730
32.090
32.430
32.780
33.130
33.480
33.830
34.190
34.550
34.900
35.250
35.600
35.950
36.310
36.650
37.010
37.370
37.720
38.060
38.410
38.760
39.120
39.460
39.830
40.180
40.530
40.880
41.240
41.590
41.960
42.300
42.660
43.020
43.370
43.710
44.070
44.430
44.790
45.140
45.500
45.850
46.210
46.560
46.920
47.270
47.630
48.000
48.360
48.710
49.060
49.420
49.770
50.130
50.490
50.840
51.190
51.560
51.910
52.260
52.620
52.960
53.310
53.670
54.030
54.390
54.730
55.080
55.430
55.790
56.150
56.500
56.860
57.190
57.550
57.910
58.260
58.600
58.960
59.300
59.650
59.990
60.340
60.700
61.050
61.390
61.740
62.080
62.440
62.790
63.140
63.490
63.850
64.190
64.540
64.900
65.230
65.580
65.940
66.280
66.630
66.990
67.350
67.660
68.010
68.320
68.680
69.030
69.400
69.750
70.100
70.450
70.800
71.150
71.510
71.850
72.210
72.560
72.920
73.250
73.620
73.980
74.340
74.670
75.030
75.370
75.740
76.070
76.450
76.810
77.160
77.520
77.860
78.230
78.580
78.940
79.300
79.660
80.000
80.360
80.740
81.100
81.450
81.800
82.170
82.530
82.880
83.240
83.600
83.950
84.310
84.670
85.020
85.370
85.730
86.100
86.450
86.790
87.160
87.510
87.870
88.220
88.580
88.940
89.280
89.630
89.960
90.300
90.640
91.010
91.350
91.700
92.060
92.430
92.770
93.120
93.480
93.840
94.190
94.520
94.880
95.250
95.600
95.960
96.310
96.660
97.000
97.370
97.740
98.090
98.450
98.800
99.170
99.520
99.880
100.210
100.570
100.940
101.300
101.650
102.030
102.380
102.740
103.090
103.440
103.790
104.150
104.510
104.860
105.210
105.570
105.910
106.260
106.620
106.970
107.320
107.670
108.030
108.380
108.720
109.070
109.430
109.790
110.130
110.490
110.840
111.200
111.540
111.900
112.250
112.620
112.960
113.320
113.660
114.020
114.360
114.720
115.070
115.420
115.750
116.110
116.460
116.810
117.150
117.510
117.850
118.200
118.530
118.890
119.240
119.590
119.940
120.290
120.640
120.990
121.320
121.670
122.020
122.370
122.720
123.070
123.430
123.760
124.080
124.430
124.750
125.110
125.450
125.810
126.180
126.540
126.870
127.230
127.590
127.940
128.290
128.640
129.000
129.350
129.720
130.070
130.430
130.790
131.120
131.470
131.820
132.180
132.530
132.890
133.240
133.590
133.950
134.300
134.660
135.020
135.380
135.730
136.090
136.450
136.800
137.150
137.500
137.880
138.220
138.600
138.950
139.320
139.660
140.020
140.380
140.740
141.080
141.450
141.810
142.170
142.520
142.880
143.240
143.600
143.950
144.310
144.660
145.020
145.370
145.740
146.090
146.450
146.800
147.170
147.520
147.880
148.220
148.590
148.940
149.270
149.640
149.970
150.330
150.640
150.960
151.290
151.610
151.920
152.250
152.560
152.890
153.200
153.520
153.840
154.160
154.490
154.800
155.130
155.450
155.760
156.090
156.410
