0.160
0.480
0.820
1.140
1.490
1.810
2.130
2.470
2.800
3.130
3.460
3.790
4.130
4.460
4.770
5.090
5.410
5.740
6.070
6.380
6.720
7.040
7.350
7.670
8.000
8.310
8.640
8.960
9.270
9.600
9.920
10.250
10.580
10.920
11.240
11.570
11.880
12.210
12.530
12.840
13.180
13.510
13.840
14.170
14.480
14.800
15.130
15.440
15.760
16.090
16.410
16.720
17.040
17.360
17.680
18.010
18.330
18.640
18.970
19.300
19.620
19.950
20.270
20.600
20.950
21.260
21.590
21.920
22.250
22.580
22.910
23.220
23.540
23.860
24.180
24.510
24.830
25.140
25.470
25.800
26.140
26.460
26.780
27.090
27.420
27.740
28.050
28.380
28.720
29.050
29.360
29.700
30.030
30.350
30.680
31.000
31.320
31.650
31.970
32.290
32.610
32.930
33.250
33.580
33.910
34.240
34.560
34.880
35.200
35.530
35.850
36.170
36.480
36.830
37.150
37.480
37.810
38.140
38.460
38.790
39.130
39.450
39.800
40.110
40.450
40.760
41.080
41.400
41.730
42.050
42.370
42.680
43.000
43.340
43.650
43.990
44.320
44.630
44.960
45.280
45.600
45.940
46.270
46.600
46.930
47.240
47.570
47.890
48.210
48.520
48.840
49.170
49.490
49.810
50.120
50.440
50.760
51.100
51.440
51.770
52.090
52.420
52.750
53.070
53.390
53.720
54.030
54.360
54.680
55.010
55.350
55.690
56.000
56.350
56.660
56.990
57.310
57.630
57.960
58.290
58.610
58.940
59.260
59.610
59.940
60.250
60.570
60.890
61.210
61.540
61.860
62.190
62.500
62.830
63.160
63.510
63.830
64.160
64.480
64.790
65.120
65.430
65.770
66.100
66.420
66.760
67.080
67.410
67.730
68.050
68.370
68.690
69.020
69.340
69.660
69.980
70.290
70.630
70.960
71.270
71.610
71.950
72.260
72.600
72.920
73.250
73.590
73.930
74.240
74.580
74.900
75.230
75.570
75.890
76.220
76.550
76.900
77.210
77.540
77.860
78.180
78.490
78.820
79.150
79.470
79.790
80.120
80.450
80.790
81.130
81.460
81.770
82.090
82.410
82.730
83.050
83.380
83.720
84.050
84.370
84.690
85.030
85.360
85.680
86.010
86.320
86.660
86.990
87.300
87.650
87.960
88.280
88.610
88.930
89.260
89.580
89.900
90.240
90.560
90.890
91.210
91.520
91.840
92.170
92.520
92.840
93.180
93.490
93.810
94.130
94.460
94.780
95.100
95.410
95.740
96.050
96.380
96.710
97.040
97.360
97.680
98.020
98.330
98.650
98.980
99.290
99.610
99.940
100.290
100.610
100.930
101.240
101.570
101.880
102.220
102.550
102.870
103.200
103.510
103.830
104.160
104.480
104.800
105.120
105.430
105.760
106.090
106.430
106.750
107.090
107.410
107.730
108.060
108.390
108.710
109.030
109.340
109.660
109.990
110.320
110.640
110.980
111.290
111.620
111.960
112.290
112.610
112.950
113.270
113.600
113.920
114.240
114.570
114.890
115.220
115.550
115.880
116.200
116.530
116.870
117.180
117.510
117.850
118.160
118.490
118.820
119.170
119.500
119.820
120.150
120.480
120.790
121.130
121.450
121.790
122.120
122.430
122.770
123.090
123.420
123.750
124.080
124.420
124.730
125.050
125.380
125.700
126.020
126.330
126.660
126.970
127.290
127.610
127.940
128.250
128.580
128.890
129.220
129.540
129.850
130.170
130.500
130.810
131.140
