0.130
0.550
0.970
1.400
1.830
2.240
2.670
3.090
3.530
3.970
4.410
4.860
5.280
5.730
6.180
6.600
7.040
7.460
7.900
8.330
8.760
9.200
9.640
10.080
10.510
10.940
11.390
11.820
12.260
12.690
13.120
13.560
14.010
14.440
14.880
15.320
15.750
16.180
16.590
17.020
17.450
17.910
18.340
18.770
19.180
19.630
20.080
20.520
20.950
21.380
21.830
22.280
22.700
23.130
23.580
24.010
24.420
24.880
25.320
25.750
26.190
26.630
27.070
27.510
27.940
28.390
28.830
29.240
29.670
30.130
30.560
31.010
31.440
31.870
32.310
32.720
33.180
33.610
34.050
34.460
34.910
35.340
35.800
36.230
36.660
37.100
37.540
37.990
38.430
38.880
39.310
39.730
40.170
40.610
41.040
41.460
41.880
42.310
42.760
43.190
43.630
44.070
44.500
44.930
45.370
45.810
46.250
46.690
47.140
47.570
48.010
48.460
48.890
49.330
49.780
50.200
50.650
51.090
51.500
51.950
52.360
52.810
53.250
53.690
54.100
54.540
55.000
55.440
55.880
56.310
56.750
57.190
57.620
58.060
58.510
58.930
59.370
59.820
60.250
60.710
61.130
61.580
62.020
62.460
62.900
63.330
63.790
64.250
64.680
65.120
65.560
65.990
66.450
66.870
67.320
67.760
68.200
68.660
69.110
69.540
69.980
70.430
70.860
71.310
71.740
72.190
72.630
73.080
73.500
73.960
74.400
74.820
75.270
75.700
76.160
76.590
77.020
77.480
77.920
78.360
78.790
79.230
79.680
80.090
80.530
80.980
81.410
81.850
82.290
82.740
83.180
83.600
84.040
84.500
84.940
85.380
85.810
86.260
86.720
87.140
87.590
88.030
88.470
88.910
89.360
89.810
90.260
90.700
91.150
91.600
92.040
92.490
92.930
93.380
93.810
94.260
94.700
95.120
95.590
96.020
96.470
96.930
97.360
97.800
98.240
98.680
99.120
99.580
100.010
100.450
100.890
101.330
101.780
102.230
102.680
103.140
103.590
104.030
104.500
104.930
105.370
105.810
106.260
106.700
107.150
107.590
108.060
108.500
108.950
109.390
109.860
110.320
110.760
111.210
111.650
112.110
112.550
112.990
113.450
113.900
114.330
114.800
115.240
115.680
116.100
116.550
117.010
117.450
117.890
118.340
118.810
119.240
119.690
120.130
120.580
121.010
121.450
121.900
122.330
122.780
123.210
123.670
124.130
124.570
125.000
125.450
125.890
126.330
126.770
127.220
127.690
128.130
128.550
129.020
129.460
129.910
130.350
130.810
131.270
131.700
132.150
132.590
133.010
133.450
133.920
134.360
134.800
135.210
135.640
136.100
136.540
136.970
137.400
137.860
138.300
138.730
139.170
139.610
140.060
140.500
140.950
141.400
141.840
142.260
142.690
143.130
143.570
144.010
144.480
144.960
145.420
145.890
146.360
146.820
147.290
147.760
148.230
148.720
149.190
149.660
150.130
150.600
151.050
