0.100
0.430
0.760
1.120
1.460
1.800
2.120
2.440
2.770
3.100
3.440
3.780
4.110
4.440
4.760
5.090
5.420
5.750
6.090
6.430
6.780
7.100
7.440
7.790
8.110
8.430
8.770
9.100
9.450
9.760
10.090
10.430
10.750
11.100
11.420
11.760
12.080
12.420
12.750
13.080
13.410
13.750
14.080
14.410
14.740
15.080
15.400
15.730
16.060
16.390
16.730
17.050
17.390
17.720
18.060
18.390
18.720
19.050
19.380
19.720
20.050
20.390
20.730
21.050
21.390
21.740
22.080
22.430
22.750
23.110
23.440
23.780
24.110
24.450
24.790
25.130
25.470
25.810
26.140
26.460
26.800
27.130
27.480
27.800
28.150
28.490
28.820
29.150
29.490
29.820
30.150
30.480
30.820
31.140
31.470
31.820
32.160
32.490
32.810
33.140
33.500
33.830
34.160
34.520
34.860
35.180
35.520
35.860
36.200
36.540
36.870
37.210
37.550
37.880
38.220
38.550
38.880
39.210
39.570
39.890
40.230
40.590
40.900
41.230
41.560
41.910
42.250
42.580
42.920
43.260
43.600
43.910
44.270
44.600
44.940
45.280
45.620
45.960
46.300
46.640
46.980
47.320
47.640
47.970
48.310
48.640
49.000
49.340
49.680
50.040
50.360
50.700
51.050
51.390
51.720
52.070
52.410
52.750
53.080
53.420
53.750
54.080
54.440
54.770
55.100
55.450
55.800
56.140
56.460
56.800
57.140
57.490
57.840
58.180
58.500
58.840
59.170
59.510
59.850
60.190
60.520
60.860
61.210
61.560
61.890
62.230
62.570
62.910
63.260
63.600
63.940
64.280
64.620
64.960
65.290
65.620
65.970
66.310
66.640
66.980
67.320
67.660
68.000
68.340
68.680
69.020
69.360
69.700
70.040
70.370
70.690
71.030
71.380
71.720
72.060
72.400
72.750
73.080
73.420
73.750
74.090
74.440
74.780
75.110
75.470
75.810
76.150
76.490
76.850
77.190
77.530
77.880
78.230
78.580
78.900
79.250
79.590
79.940
80.260
80.610
80.950
81.290
81.630
81.960
82.300
82.670
83.010
83.350
83.690
84.030
84.380
84.730
85.070
85.410
85.760
86.100
86.430
86.780
87.120
87.470
87.800
88.170
88.500
88.850
89.170
89.530
89.860
90.210
90.530
90.870
91.210
91.570
91.900
92.250
92.580
92.920
93.280
93.610
93.960
94.310
94.650
94.990
95.310
95.650
96.020
96.350
96.710
97.050
97.400
97.730
98.060
98.400
98.750
99.090
99.440
99.790
100.150
100.470
100.810
101.150
101.510
101.860
102.200
102.540
102.880
103.220
103.560
103.900
104.260
104.600
104.950
105.290
105.640
105.970
106.320
106.660
107.000
107.360
107.700
108.040
108.400
108.750
109.090
109.460
109.800
110.150
110.480
110.820
111.160
111.500
111.860
112.190
112.520
112.870
113.210
113.560
113.890
114.230
114.570
114.920
115.270
115.610
115.950
116.280
116.640
116.970
117.340
117.660
118.010
118.360
118.670
119.010
119.340
119.670
120.000
120.360
120.680
121.000
121.330
121.650
121.970
122.290
122.610
122.930
123.240
123.560
123.890
124.210
124.530
124.850
125.170
125.480
125.800
126.130
126.440
126.760
127.090
127.410
127.730
