0.230
0.720
1.200
1.670
2.140
2.630
3.110
3.570
4.060
4.520
5.000
5.470
5.930
6.400
6.870
7.370
7.840
8.320
8.780
9.240
9.710
10.160
10.610
11.070
11.540
11.990
12.450
12.920
13.390
13.830
14.290
14.750
15.210
15.660
16.110
16.570
17.020
17.470
17.910
18.370
18.820
19.270
19.720
20.190
20.640
21.100
21.550
22.010
22.480
22.910
23.360
23.820
24.270
24.720
25.180
25.630
26.080
26.520
26.980
27.430
27.880
28.340
28.790
29.230
29.680
30.130
30.580
31.040
31.500
31.950
32.410
32.860
33.310
33.770
34.220
34.680
35.130
35.590
36.040
36.490
36.940
37.390
37.840
38.290
38.740
39.200
39.660
40.100
40.560
41.000
41.460
41.910
42.370
42.810
43.260
43.720
44.180
44.630
45.100
45.550
46.010
46.460
46.920
47.370
47.820
48.280
48.730
49.180
49.630
50.090
50.550
51.010
51.460
51.920
52.390
52.840
53.290
53.750
54.210
54.660
55.100
55.560
56.010
56.470
56.920
57.380
57.820
58.300
58.750
59.200
59.660
60.110
60.570
61.010
61.460
61.910
62.370
62.810
63.270
63.720
64.180
64.620
65.080
65.530
65.990
66.430
66.890
67.340
67.790
68.240
68.700
69.150
69.580
70.030
70.480
70.930
71.380
71.830
72.290
72.740
73.200
73.660
74.130
74.580
75.040
75.490
75.960
76.410
76.870
77.310
77.770
78.220
78.680
79.140
79.600
80.060
80.520
80.970
81.440
81.900
82.350
82.800
83.270
83.720
84.180
84.640
85.110
85.560
86.030
86.470
86.950
87.390
87.860
88.290
88.750
89.210
89.660
90.110
90.570
91.030
91.490
91.940
92.390
92.840
93.300
93.740
94.190
94.650
95.100
95.560
96.010
96.470
96.920
97.370
97.830
98.290
98.730
99.180
99.640
100.090
100.540
100.980
101.450
101.900
102.370
102.810
103.260
103.710
104.170
104.620
105.080
105.530
105.980
106.430
106.890
107.350
107.790
108.240
108.680
109.150
109.620
110.060
110.500
110.960
111.430
111.870
112.340
112.800
113.260
113.710
114.170
114.630
115.070
115.530
115.990
116.450
116.910
117.350
117.820
118.280
118.740
119.200
119.660
120.120
120.570
121.020
121.470
121.940
122.390
122.850
123.320
123.780
124.240
124.680
125.150
125.610
126.070
126.530
126.980
127.460
127.910
128.380
128.840
129.300
129.750
130.210
130.680
131.130
131.600
132.040
132.510
132.970
133.430
133.890
134.340
134.800
135.260
135.720
136.190
136.640
137.110
137.590
138.090
138.570
139.050
139.510
139.990
