0.420
0.870
1.340
1.780
2.260
2.710
3.190
3.640
4.120
4.620
5.120
5.590
6.070
6.540
7.040
7.500
7.980
8.460
8.970
9.450
9.920
10.390
10.890
11.370
11.830
12.320
12.810
13.280
13.750
14.230
14.730
15.200
15.670
16.180
16.640
17.160
17.620
18.110
18.630
19.100
19.580
20.050
20.550
21.010
21.510
21.970
22.470
22.950
23.420
23.890
24.370
24.830
25.300
25.780
26.280
26.760
27.220
27.690
28.170
28.630
29.120
29.600
30.080
30.540
31.030
31.490
31.980
32.460
32.920
33.410
33.910
34.400
34.870
35.340
35.860
36.330
36.810
37.280
37.780
38.240
38.720
39.200
39.700
40.170
40.650
41.130
41.630
42.110
42.580
43.060
43.560
44.040
44.510
44.990
45.480
45.950
46.440
46.910
47.430
47.910
48.400
48.870
49.370
49.840
50.330
50.790
51.310
51.770
52.280
52.740
53.240
53.710
54.190
54.670
55.160
55.620
56.100
56.580
57.080
57.560
58.010
58.490
58.980
59.440
59.960
60.450
60.940
61.420
61.890
62.360
62.850
63.340
63.850
64.320
64.830
65.320
65.820
66.300
66.810
67.290
67.760
68.250
68.730
69.210
69.690
70.190
70.670
71.150
71.640
72.120
72.610
73.090
73.570
74.060
74.530
75.030
75.510
75.990
76.460
76.950
77.430
77.910
78.410
78.890
79.370
79.860
80.340
80.820
81.310
81.780
82.270
82.740
83.240
83.750
84.220
84.710
85.220
85.700
86.160
86.630
87.090
87.580
88.080
88.570
89.060
89.540
90.050
90.540
91.030
91.540
92.020
92.510
92.990
93.490
93.990
94.490
94.970
95.470
95.970
96.460
96.970
97.460
97.980
98.440
98.930
99.420
99.940
100.430
100.910
101.380
101.910
102.400
102.890
103.400
103.900
104.390
104.880
105.370
105.870
106.350
106.850
107.340
107.830
108.300
108.810
109.290
109.770
110.260
110.770
111.260
111.750
112.250
112.750
113.240
113.740
114.230
114.720
115.220
115.720
116.200
116.700
117.200
117.700
118.170
118.660
119.150
119.630
120.110
120.610
121.100
121.590
122.070
122.570
123.060
123.530
124.020
124.500
124.990
125.460
125.950
126.440
126.920
127.390
127.880
128.360
128.830
129.310
129.790
130.280
130.760
131.240
131.720
132.210
132.720
133.200
133.690
134.160
134.640
135.110
135.620
136.110
136.620
137.120
137.620
138.110
138.630
139.130
139.620
140.120
140.620
141.110
141.600
142.100
142.580
143.090
143.570
144.070
144.560
145.060
145.530
146.020
146.520
147.020
147.480
147.960
148.470
148.950
149.430
149.930
150.410
150.920
151.400
151.880
152.390
152.880
153.360
153.850
154.350
154.850
155.320
155.820
156.300
156.800
157.280
157.770
158.280
158.780
159.250
159.750
160.240
160.730
161.200
161.690
162.200
162.700
163.180
163.670
164.170
164.660
165.140
165.630
166.120
166.580
167.060
167.540
168.060
168.540
169.030
169.490
169.980
170.460
170.940
171.410
171.900
172.380
172.840
173.320
173.810
174.290
174.770
175.230
175.730
176.190
176.690
177.160
177.650
178.120
178.600
179.060
179.550
180.030
180.520
181.000
181.480
181.940
182.440
182.910
183.400
183.860
184.360
184.840
185.310
185.790
186.270
186.750
187.220
187.700
188.180
188.680
189.160
189.640
190.120
190.600
191.080
191.560
192.020
