0.130
0.450
0.750
1.060
1.380
1.680
1.990
2.310
2.610
2.920
3.250
3.570
3.880
4.210
4.510
4.830
5.150
5.460
5.790
6.110
6.420
6.730
7.050
7.360
7.680
8.000
8.320
8.640
8.950
9.280
9.600
9.920
10.230
10.560
10.870
11.180
11.500
11.820
12.150
12.460
12.780
13.110
13.420
13.740
14.060
14.380
14.710
15.030
15.340
15.660
15.980
16.310
16.620
16.940
17.270
17.580
17.910
18.220
18.540
18.860
19.180
19.500
19.820
20.140
20.460
20.780
21.110
21.440
21.750
22.070
22.400
22.710
23.040
23.360
23.680
23.990
24.320
24.630
24.970
25.300
25.620
25.940
26.270
26.600
26.930
27.270
27.580
27.900
28.230
28.540
28.870
29.190
29.530
29.850
30.170
30.490
30.800
31.150
31.460
31.780
32.110
32.420
32.750
33.070
33.390
33.710
34.040
34.370
34.690
35.000
35.330
35.640
35.970
36.280
36.600
36.920
37.260
37.580
37.910
38.220
38.540
38.860
39.180
39.510
39.830
40.140
40.460
40.780
41.100
41.430
41.770
42.090
42.410
42.730
43.050
43.370
43.700
44.010
44.340
44.660
44.970
45.290
45.620
45.960
46.300
46.620
46.930
47.250
47.570
47.890
48.220
48.540
48.870
49.190
49.520
49.840
50.150
50.480
50.820
51.130
51.470
51.790
52.120
52.430
52.750
53.070
53.400
53.720
54.040
54.360
54.670
55.000
55.320
55.640
55.970
56.300
56.620
56.950
57.260
57.590
57.910
58.230
58.550
58.870
59.210
59.530
59.850
60.160
60.490
60.820
61.160
61.480
61.810
62.130
62.450
62.770
63.100
63.410
63.740
64.060
64.380
64.700
65.020
65.330
65.680
66.000
66.320
66.660
66.980
67.300
67.610
67.930
68.250
68.580
68.910
69.220
69.550
69.860
70.180
70.500
70.820
71.140
71.460
71.780
72.110
72.420
72.750
73.070
73.400
73.720
74.040
74.360
74.680
74.990
75.310
75.630
75.960
76.270
76.600
76.910
77.230
77.560
77.880
78.210
78.530
78.850
79.180
79.500
79.810
80.130
80.460
80.780
81.110
81.430
81.770
82.080
82.410
82.720
83.050
83.370
83.680
84.020
84.350
84.670
84.990
85.310
85.640
85.950
86.300
86.610
86.950
87.270
87.590
87.910
88.230
88.560
88.890
89.220
89.550
89.860
90.190
90.510
90.830
91.160
91.480
91.810
92.140
92.470
92.790
93.110
93.450
93.770
94.100
94.410
94.740
95.050
95.380
95.700
96.030
96.350
96.690
97.030
97.350
97.680
98.000
98.330
98.660
98.990
99.330
99.660
99.970
100.290
100.620
100.940
101.270
101.590
101.920
102.240
102.560
102.880
103.200
103.520
103.850
104.170
104.500
104.830
105.160
105.470
105.800
106.120
106.470
106.780
107.100
107.420
107.750
108.060
108.380
108.710
109.030
109.360
109.670
110.000
110.340
110.660
110.990
111.310
111.640
111.960
112.280
112.600
112.920
113.230
113.570
113.880
114.230
114.540
114.860
115.180
115.500
115.830
116.160
116.490
116.800
117.140
117.470
117.790
118.110
118.440
118.760
119.080
119.400
119.720
120.040
120.360
120.690
121.020
121.340
121.660
121.990
122.300
122.630
122.950
123.260
123.600
123.930
124.240
124.570
124.890
125.210
125.530
125.850
126.170
126.500
126.820
127.130
127.470
127.810
128.120
128.450
128.760
129.090
129.410
129.730
130.060
130.390
130.710
131.050
131.370
131.690
132.010
132.330
132.670
132.990
133.320
133.650
133.970
134.320
134.640
134.980
135.300
135.640
135.960
136.280
136.600
136.930
137.250
137.580
137.890
138.230
138.550
138.880
139.210
139.530
139.860
140.180
140.520
140.850
141.180
141.510
141.830
142.160
142.480
142.810
143.140
143.460
143.790
144.120
144.450
144.790
145.120
145.440
145.750
146.070
146.400
146.710
147.020
147.330
147.650
147.950
148.260
148.570
148.880
149.200
149.500
149.820
150.130
150.440
150.740
151.060
151.370
151.670
151.990
152.300
152.600
152.920
