0.450
0.960
1.470
1.990
2.520
3.020
3.550
4.060
4.570
5.090
5.620
6.120
6.630
7.160
7.700
8.210
8.750
9.260
9.810
10.350
10.870
11.400
11.910
12.450
12.990
13.520
14.050
14.590
15.110
15.620
16.150
16.710
17.220
17.770
18.290
18.850
19.370
19.900
20.450
20.980
21.510
22.030
22.560
23.090
23.600
24.140
24.680
25.190
25.720
26.260
26.770
27.320
27.840
28.360
28.880
29.430
29.980
30.490
31.060
31.580
32.110
32.640
33.150
33.710
34.230
34.770
35.300
35.820
36.350
36.870
37.410
37.930
38.490
39.010
39.570
40.080
40.630
41.150
41.690
42.200
42.740
43.270
43.830
44.340
44.870
45.400
45.950
46.470
46.990
47.530
48.060
48.570
49.120
49.650
50.200
50.720
51.240
51.780
52.310
52.850
53.380
53.920
54.440
54.970
55.480
56.010
56.560
57.070
57.600
58.120
58.670
59.190
59.710
60.260
60.770
61.330
61.850
62.370
62.920
63.440
63.970
64.480
65.020
65.540
66.060
66.590
67.150
67.670
68.190
68.730
69.260
69.810
70.340
70.870
71.370
71.930
72.440
72.980
73.520
74.050
74.590
75.100
75.650
76.180
76.700
77.220
77.780
78.290
78.820
79.340
79.900
80.400
80.940
81.480
82.000
82.530
83.050
83.560
84.110
84.620
85.160
85.700
86.240
86.740
87.270
87.800
88.350
88.860
89.400
89.920
90.470
90.980
91.540
92.080
92.600
93.140
93.670
94.200
94.730
95.260
95.790
96.330
96.870
97.390
97.940
98.460
99.030
99.540
100.070
100.620
101.130
101.660
102.160
102.670
103.220
103.730
104.260
104.790
105.330
105.830
106.370
106.890
107.430
107.920
108.450
108.980
109.520
110.020
110.550
111.070
111.580
112.100
112.590
113.050
113.540
114.010
114.490
114.970
115.450
115.950
116.430
116.890
117.370
117.850
118.330
