0.150
0.450
0.750
1.050
1.350
1.650
1.960
2.270
2.580
2.910
3.230
3.540
3.860
4.180
4.510
4.830
5.140
5.460
5.790
6.110
6.420
6.740
7.070
7.390
7.710
8.030
8.350
8.670
8.980
9.300
9.630
9.960
10.320
10.650
10.990
11.330
11.690
12.020
12.370
12.710
13.060
13.390
13.730
14.060
14.410
14.760
15.080
15.430
15.770
16.100
16.450
16.790
17.130
17.460
17.820
18.160
18.520
18.840
19.190
19.530
19.870
20.200
20.550
20.900
21.250
21.590
21.920
22.270
22.610
22.940
23.280
23.640
23.970
24.300
24.650
24.990
25.350
25.690
26.040
26.380
26.730
27.060
27.410
27.750
28.090
28.440
28.780
29.120
29.460
29.790
30.140
30.480
30.820
31.140
31.480
31.830
32.180
32.500
32.850
33.190
33.540
33.860
34.220
34.560
34.900
35.230
35.570
35.910
36.260
36.580
36.930
37.270
37.620
37.950
38.300
38.650
38.990
39.330
39.670
40.010
40.360
40.690
41.030
41.380
41.730
42.050
42.390
42.750
43.090
43.420
43.760
44.100
44.440
44.770
45.120
45.460
45.810
46.130
46.470
46.810
47.160
47.490
47.840
48.180
48.530
48.870
49.210
49.550
49.890
50.230
50.570
50.900
51.250
51.590
51.920
52.260
52.600
52.920
53.260
53.580
53.930
54.270
54.600
54.930
55.280
55.610
55.950
56.290
56.630
56.950
57.290
57.620
57.970
58.300
58.640
58.990
59.330
59.660
60.000
60.340
60.690
61.030
61.350
61.690
62.050
62.370
62.720
63.050
63.400
63.730
64.080
64.410
64.750
65.070
65.410
65.750
66.100
66.430
66.770
67.120
67.470
67.800
68.150
68.490
68.830
69.180
69.530
69.860
70.220
70.550
70.900
71.230
71.570
71.900
72.250
72.570
72.910
73.240
73.580
73.910
74.250
74.580
74.920
75.260
75.610
75.940
76.280
76.610
76.950
77.260
77.610
77.950
78.290
78.620
78.960
79.300
79.640
79.980
80.330
80.670
81.020
81.350
81.700
82.040
82.380
82.720
83.070
83.420
83.750
84.090
84.440
84.790
85.110
85.460
85.810
86.120
86.470
86.790
87.130
87.470
87.810
88.150
88.480
88.820
89.160
89.520
89.840
90.200
90.520
90.880
91.200
91.540
91.890
92.230
92.560
92.910
93.240
93.600
93.910
94.240
94.590
94.930
95.250
95.590
95.930
96.280
96.610
96.950
97.290
97.640
97.970
98.310
98.660
98.990
99.330
99.670
100.010
100.360
100.700
101.020
101.360
101.680
102.040
102.370
102.710
103.040
103.390
103.730
104.070
104.400
104.750
105.090
105.430
105.760
106.100
106.440
106.780
107.110
107.450
107.760
108.120
108.460
108.790
109.130
109.470
109.800
110.140
110.470
110.810
111.130
111.480
111.810
112.170
112.490
112.840
113.180
113.530
113.850
114.190
114.550
114.890
115.210
115.560
115.890
116.250
116.600
116.930
117.270
117.620
117.970
118.290
118.630
118.970
119.310
119.650
119.990
120.340
120.670
121.020
121.360
121.700
122.050
122.380
122.720
123.050
123.390
123.730
124.070
124.410
124.750
125.100
125.440
125.780
126.110
126.470
126.810
127.130
127.470
127.820
128.160
128.490
128.810
129.150
129.500
129.850
130.180
130.530
130.850
131.190
131.510
131.860
132.210
132.550
132.870
133.210
133.560
133.890
134.230
134.580
134.910
135.260
135.590
135.930
136.290
136.620
136.960
137.290
137.640
137.990
138.320
138.660
139.000
139.340
139.680
140.030
140.370
140.720
141.060
141.410
141.750
142.110
142.430
142.780
143.120
143.460
143.790
144.140
144.480
144.820
145.170
145.520
145.860
146.200
146.550
146.890
147.240
147.590
147.920
148.280
148.620
148.960
149.310
149.650
149.990
150.330
150.670
151.020
151.370
151.700
152.010
152.340
152.650
152.950
153.270
153.580
153.880
154.190
154.500
154.810
155.120
155.440
155.740
156.060
156.360
156.680
156.990
157.290
157.610
157.920
158.220
158.540
