0.270
0.700
1.140
1.570
2.010
2.440
2.870
3.310
3.740
4.180
4.630
5.080
5.520
5.950
6.390
6.830
7.250
7.680
8.130
8.570
9.010
9.440
9.880
10.320
10.740
11.190
11.620
12.080
12.510
12.940
13.380
13.810
14.250
14.680
15.120
15.550
15.980
16.420
16.850
17.290
17.730
18.160
18.600
19.030
19.470
19.920
20.360
20.790
21.230
21.660
22.100
22.540
22.970
23.410
23.860
24.290
24.730
25.170
25.610
26.050
26.480
26.920
27.350
27.780
28.220
28.660
29.090
29.530
29.960
30.400
30.840
31.270
31.710
32.140
32.580
33.030
33.480
33.920
34.360
34.780
35.220
35.660
36.090
36.520
36.950
37.380
37.830
38.250
38.690
39.120
39.570
40.010
40.450
40.880
41.320
41.750
42.180
42.610
43.050
43.480
43.910
44.350
44.780
45.210
45.650
46.100
46.540
46.960
47.400
47.850
48.280
48.700
49.140
49.570
50.020
50.450
50.880
51.320
51.760
52.190
52.620
53.050
53.500
53.940
54.370
54.810
55.250
55.680
56.110
56.550
56.980
57.410
57.860
58.280
58.730
59.160
59.600
60.030
60.480
60.910
61.360
61.780
62.230
62.660
63.100
63.570
64.000
64.450
64.920
65.370
65.800
66.260
66.690
67.130
67.560
68.000
68.440
68.900
69.310
69.760
70.170
70.610
71.040
71.480
71.920
72.360
72.810
73.250
73.690
74.150
74.610
75.050
75.500
75.920
76.360
76.800
77.250
77.700
78.160
78.580
79.040
79.470
79.920
80.360
80.810
81.260
81.700
82.150
82.590
83.030
83.470
83.910
84.350
84.780
85.240
85.670
86.110
86.540
86.980
87.420
87.860
88.320
88.770
89.210
89.650
90.100
90.540
90.980
91.440
91.880
92.320
92.770
93.210
93.640
94.090
94.520
94.960
95.400
95.860
96.300
96.730
97.170
97.610
98.040
98.480
98.920
99.360
99.810
100.260
100.710
101.150
101.590
102.040
102.510
102.950
103.400
103.840
104.270
104.720
105.150
105.590
106.030
106.490
106.950
107.390
107.850
108.290
108.740
109.170
109.610
110.040
110.470
110.900
111.340
111.760
112.210
112.630
113.070
113.520
113.960
114.390
114.830
115.270
115.720
116.170
116.600
117.060
117.500
117.950
118.390
118.830
119.270
119.700
120.160
120.580
121.020
121.480
121.920
122.370
122.810
123.250
123.710
124.160
124.610
125.060
125.500
125.940
126.380
126.820
127.270
127.710
128.150
128.590
129.040
129.480
129.930
130.380
130.810
131.260
131.700
132.140
132.580
133.010
133.460
133.890
134.330
134.770
135.230
135.660
136.100
136.550
136.990
137.420
137.860
138.310
138.750
139.180
139.630
140.070
140.520
140.950
141.400
141.820
142.260
142.700
143.140
143.580
144.020
144.450
144.900
145.370
145.810
146.260
146.710
147.160
147.580
148.040
148.480
148.960
149.410
149.900
150.370
150.840
151.300
151.780
152.230
152.710
153.180
153.650
154.130
154.580
155.070
155.520
156.010
156.460
156.930
157.400
157.870
158.340
158.810
159.280
