0.440
0.950
1.450
1.980
2.480
3.010
3.500
4.010
4.540
5.080
5.590
6.110
6.600
7.140
7.620
8.150
8.650
9.150
9.640
10.160
10.760
11.320
11.910
12.420
12.920
13.440
13.950
14.440
14.940
15.450
15.960
16.470
16.980
17.480
17.990
18.500
18.990
19.490
20.000
20.510
21.010
21.520
22.020
22.520
23.020
23.510
24.020
24.510
25.000
25.500
26.000
26.500
27.000
27.490
28.000
28.520
29.010
29.520
30.000
30.520
31.000
31.510
32.020
32.510
33.000
33.510
34.020
34.510
35.010
35.500
36.010
36.520
37.000
37.500
37.990
38.490
38.990
39.490
39.990
40.480
40.990
41.490
41.990
42.480
42.980
43.490
44.010
44.510
45.020
45.510
46.020
46.520
47.020
47.520
48.010
48.510
49.010
49.510
50.010
50.490
51.010
51.500
51.990
52.490
52.980
53.490
53.990
54.480
54.970
55.460
55.970
56.470
56.970
57.460
57.950
58.440
58.930
59.440
59.930
60.430
60.920
61.430
61.920
62.410
62.910
63.400
63.900
64.400
64.870
65.380
65.880
66.370
66.870
67.370
67.890
68.390
68.860
69.370
69.860
70.350
70.840
71.340
71.830
72.330
72.820
73.320
73.820
74.300
74.800
75.300
75.800
76.300
76.790
77.290
77.790
78.290
78.780
79.280
79.780
80.280
80.770
81.280
81.770
82.260
82.750
83.240
83.750
84.250
84.760
85.260
85.750
86.260
86.750
87.250
87.760
88.250
88.750
89.250
89.740
90.240
90.730
91.230
91.740
92.230
92.730
93.230
93.720
94.210
94.710
95.210
95.700
96.200
96.690
97.180
97.690
98.180
98.680
99.190
99.680
100.170
100.660
101.160
101.660
102.170
102.660
103.150
103.640
104.140
104.630
105.130
105.630
106.140
106.640
107.130
107.630
108.120
108.600
109.110
109.610
110.090
110.600
111.080
111.570
112.080
112.550
113.050
113.550
114.040
114.520
115.030
115.520
116.020
116.520
117.030
117.540
118.020
118.510
119.000
119.500
120.000
120.460
120.980
121.440
121.940
122.400
122.880
123.360
123.840
124.340
124.820
125.300
125.780
126.260
126.720
