0.440
1.060
1.710
2.310
2.950
3.560
4.190
4.800
5.440
6.070
6.670
7.280
7.890
8.510
9.130
9.730
10.380
10.970
11.620
12.220
12.830
13.440
14.060
14.630
15.260
15.850
16.480
17.080
17.690
18.300
18.910
19.510
20.150
20.770
21.420
22.040
22.660
23.270
23.880
24.480
25.080
25.720
26.310
26.910
27.560
28.170
28.790
29.400
30.020
30.650
31.250
31.830
32.420
33.030
33.670
34.280
34.880
35.480
36.100
36.710
37.340
38.000
38.640
39.270
39.890
40.520
41.140
41.740
42.360
42.980
43.590
44.210
44.840
45.440
46.080
46.680
47.280
47.890
48.500
49.120
49.770
50.390
51.020
51.600
52.240
52.830
53.450
54.080
54.690
55.310
55.940
56.590
57.210
57.810
58.450
59.080
59.680
60.320
60.930
61.540
62.170
62.800
63.450
64.100
64.750
65.410
66.060
66.690
67.320
67.960
68.580
69.190
69.800
70.430
71.060
71.680
72.320
72.950
73.580
74.200
74.840
75.490
76.130
76.760
77.390
78.040
78.660
79.280
79.890
80.500
81.140
81.790
82.420
83.050
83.660
84.260
84.860
85.460
86.070
86.670
87.300
87.910
88.510
89.160
89.770
90.390
90.980
91.610
92.230
92.840
93.480
94.110
94.720
95.380
96.060
96.690
97.360
98.010
98.630
99.230
99.860
100.490
101.120
101.760
102.420
103.060
103.700
104.320
104.900
105.540
106.150
106.760
107.390
108.010
108.640
109.250
109.890
110.510
111.110
111.730
112.380
113.020
113.650
114.290
114.950
115.630
116.340
117.060
117.830
118.650
119.500
120.260
121.100
121.900
122.660
123.460
124.300
125.060
125.860
126.700
