0.150
0.560
1.010
1.430
1.850
2.290
2.720
3.130
3.570
3.970
4.400
4.820
5.260
5.680
6.110
6.530
6.960
7.400
7.830
8.250
8.680
9.110
9.560
9.970
10.410
10.840
11.280
11.710
12.140
12.580
13.010
13.430
13.870
14.290
14.720
15.140
15.580
16.000
16.440
16.870
17.290
17.730
18.160
18.590
19.030
19.470
19.900
20.330
20.760
21.170
21.590
21.980
22.390
22.810
23.240
23.660
24.100
24.530
24.970
25.400
25.830
26.270
26.710
27.140
27.580
28.010
28.440
28.870
29.300
29.730
30.190
30.630
31.060
31.490
31.930
32.380
32.820
33.250
33.680
34.110
34.550
35.000
35.440
35.870
36.330
36.760
37.200
37.630
38.070
38.510
38.960
39.400
39.840
40.270
40.710
41.160
41.610
42.030
42.440
42.830
43.240
43.650
44.090
44.520
44.950
45.390
45.830
46.270
46.710
47.150
47.590
48.020
48.470
48.920
49.350
49.790
50.230
50.660
51.100
51.550
51.980
52.430
52.870
53.310
53.740
54.180
54.630
55.060
55.490
55.930
56.370
56.810
57.240
57.680
58.130
58.560
59.010
59.460
59.910
60.340
60.790
61.240
61.670
62.120
62.560
62.980
63.430
63.860
64.300
64.750
65.180
65.620
66.060
66.500
66.940
67.390
67.820
68.280
68.720
69.160
69.600
70.050
70.510
70.940
71.390
71.840
72.280
72.720
73.170
73.610
74.060
74.490
74.930
75.380
75.830
76.270
76.710
77.150
77.600
78.020
78.470
78.910
79.350
79.790
80.230
80.680
81.130
81.570
82.010
82.460
82.910
83.350
83.790
84.210
84.630
85.030
85.450
85.890
86.340
86.770
87.200
87.650
88.090
88.530
88.960
89.400
89.860
90.280
90.710
91.160
91.600
92.040
92.480
92.910
93.370
93.810
94.270
94.720
95.170
95.600
96.040
96.480
96.920
97.370
97.810
98.260
98.700
99.140
99.570
100.000
100.450
100.910
101.350
101.790
102.260
102.710
103.150
103.610
104.040
104.490
104.940
105.360
105.790
106.190
106.610
107.050
107.500
107.920
108.360
108.820
109.260
109.710
110.150
110.610
111.030
111.490
111.930
112.380
112.840
113.280
113.720
114.170
114.630
115.050
115.500
115.950
116.400
116.840
117.280
117.730
118.180
118.620
119.060
119.520
119.970
120.410
120.850
121.300
121.730
122.180
122.620
123.070
123.520
123.950
124.420
124.840
125.290
125.730
126.170
126.610
127.020
127.440
127.830
128.250
128.690
129.130
129.570
130.010
130.470
130.890
131.330
131.780
132.230
132.670
133.120
133.570
134.010
134.450
134.890
135.320
135.780
136.220
136.670
137.120
137.580
138.020
138.460
138.910
139.350
139.790
140.240
140.680
141.120
141.550
141.990
142.440
142.890
143.310
143.750
144.220
144.660
145.100
145.550
146.000
146.440
146.890
147.330
147.750
148.170
148.570
148.990
149.450
149.900
150.340
150.790
151.240
151.680
152.130
152.580
153.030
153.480
153.930
154.370
154.820
155.270
155.720
156.170
156.610
157.060
157.510
157.960
158.410
158.860
159.310
159.740
160.190
160.640
161.090
161.530
161.980
162.410
162.870
163.300
163.750
164.180
164.630
165.070
165.520
165.960
166.410
166.860
167.330
167.780
168.210
168.670
169.130
169.580
170.030
170.480
170.940
171.400
171.870
172.320
172.780
173.240
173.700
